3.0 20.0
1.0 4.0
1.0 17.0
0.0 20.0
1.0 20.0
0.05 1.0
3.0 20.0
0.0 4.0
1.0 22.0
0.0 19.0
0.0 19.0
0.0 0.95
0.0 20.0
0.0 4.0
0.0 22.0
0.0 19.0
0.0 19.0
0.0 0.95
0.0 20.0
0.0 4.0
0.0 22.0
0.0 19.0
0.0 17.0
0.0 0.944444
0.0 20.0
0.0 4.0
0.0 22.0
0.0 18.0
0.0 15.0
0.0 0.833333
3.0 20.0
1.0 4.0
0.0 16.0
0.0 19.0
0.0 20.0
0.0 1.0
0.0 20.0
0.0 4.0
0.0 9.0
0.0 19.0
0.0 19.0
0.0 1.0
0.0 20.0
0.0 4.0
0.0 8.0
0.0 19.0
0.0 19.0
0.0 0.95
0.0 20.0
0.0 4.0
0.0 5.0
0.0 19.0
0.0 19.0
0.0 0.95
0.0 20.0
0.0 4.0
0.0 5.0
0.0 19.0
0.0 19.0
0.0 0.95
0.0 20.0
0.0 4.0
0.0 5.0
0.0 19.0
0.0 20.0
0.0 1.0
0.0 20.0
0.0 4.0
0.0 4.0
0.0 19.0
0.0 17.0
0.0 0.928571
0.0 20.0
0.0 4.0
0.0 3.0
0.0 19.0
0.0 17.0
0.0 1.0
0.0 20.0
0.0 4.0
0.0 4.0
0.0 19.0
0.0 17.0
0.0 0.888889
0.0 20.0
0.0 4.0
0.0 6.0
0.0 19.0
0.0 11.0
0.0 0.888889
0.25 1.0
0.0 0.857815
0.0 1.0
