0
0
1
15
27
10
4
7
4
3
0
3
3
7
31
20
14
29
7
11
2
14
14
16
24
0
17
6
27
13
4
29
18
5
26
5
32
3
26
15
14
0
4
6
8
5
4
29
0
21
30
17
29
3
26
28
13
25
25
4
28
30
7
28
0
13
30
0
0
2
0
3
7
2
25
16
14
25
19
0
4
3
26
0
21
4
20
18
31
1
14
6
14
1
0
22
22
17
3
0
11
19
18
24
8
26
3
19
25
32
8
15
1
0
10
24
8
1
18
1
0
14
19
20
6
0
8
22
27
1
16
14
22
1
25
21
32
1
30
29
8
13
26
17
28
31
25
31
6
32
2
6
3
30
16
20
2
30
10
6
7
11
32
3
8
0
2
28
4
2
11
29
10
12
2
12
32
13
11
2
8
3
7
21
12
27
5
13
32
12
6
24
17
18
23
7
30
30
14
3
32
24
0
1
21
30
3
12
1
