28 1 4 0 1 0.035714 28 0 2 0 0 0 0 0 0 0 0 0 0 0 0 0 0 0 0 0 0 0 0 0 28 3 1 5 3 0.107143 28 2 1 11 3 0.107143 28 2 1 4 3 0.107143 28 2 1 12 19 0.678571 0 0 0 0 0 0 0 0 0 0 0 0 0 0 0 0 0 0 0 0 0 0 0 0 0 0 0 0 0 0 0 0 0 0 0 0 
28 1 1 0 1 0.035714 28 0 3 0 0 0 0 0 0 0 0 0 0 0 0 0 0 0 0 0 0 0 0 0 28 3 2 5 13 0.464286 0 0 0 0 0 0 0 0 0 0 0 0 0 0 0 0 0 0 0 0 0 0 0 0 0 0 0 0 0 0 0 0 0 0 0 0 0 0 0 0 0 0 0 0 0 0 0 0 0 0 0 0 0 0 
28 1 12 0 1 0.035714 28 0 11 0 0 0 0 0 0 0 0 0 0 0 0 0 0 0 0 0 0 0 0 0 28 3 2 5 13 0.464286 28 2 1 4 13 0.464286 28 2 2 4 2 0.071429 28 2 1 10 12 0.428571 28 3 1 18 11 0.392857 28 3 3 5 13 0.464286 28 2 1 4 13 0.464286 28 3 1 5 11 0.392857 28 3 2 5 11 0.392857 28 2 1 4 11 0.392857 
28 1 15 0 1 0.035714 28 0 7 0 0 0 0 0 0 0 0 0 0 0 0 0 0 0 0 0 0 0 0 0 28 3 1 5 5 0.178571 28 2 2 4 2 0.071429 28 3 2 5 2 0.071429 28 3 2 5 2 0.071429 28 3 2 5 3 0.107143 28 2 1 4 2 0.071429 28 3 2 5 2 0.071429 28 3 4 5 2 0.071429 28 3 1 5 19 0.678571 28 3 1 5 20 0.714286 
28 1 3 0 1 0.035714 28 0 3 0 0 0 0 0 0 0 0 0 0 0 0 0 0 0 0 0 0 0 0 0 28 2 1 4 2 0.071429 28 2 2 4 2 0.071429 28 2 1 12 19 0.678571 0 0 0 0 0 0 0 0 0 0 0 0 0 0 0 0 0 0 0 0 0 0 0 0 0 0 0 0 0 0 0 0 0 0 0 0 0 0 0 0 0 0 
28 2 1 4 2 0.071429 28 1 3 0 1 0.035714 28 0 4 0 0 0 0 0 0 0 0 0 0 0 0 0 0 0 28 2 2 4 3 0.107143 0 0 0 0 0 0 0 0 0 0 0 0 0 0 0 0 0 0 0 0 0 0 0 0 0 0 0 0 0 0 0 0 0 0 0 0 0 0 0 0 0 0 0 0 0 0 0 0 0 0 0 0 0 0 
28 1 4 0 1 0.035714 28 0 4 0 0 0 0 0 0 0 0 0 0 0 0 0 0 0 0 0 0 0 0 0 28 2 1 4 2 0.071429 28 2 1 4 2 0.071429 28 3 1 5 3 0.107143 28 2 1 12 19 0.678571 0 0 0 0 0 0 0 0 0 0 0 0 0 0 0 0 0 0 0 0 0 0 0 0 0 0 0 0 0 0 0 0 0 0 0 0 
28 2 1 4 2 0.071429 28 0 3 0 0 0 28 1 4 0 1 0.035714 0 0 0 0 0 0 0 0 0 0 0 0 28 2 2 4 3 0.107143 0 0 0 0 0 0 0 0 0 0 0 0 0 0 0 0 0 0 0 0 0 0 0 0 0 0 0 0 0 0 0 0 0 0 0 0 0 0 0 0 0 0 0 0 0 0 0 0 0 0 0 0 0 0 
28 2 2 4 3 0.107143 28 2 1 4 2 0.071429 28 2 1 4 2 0.071429 0 0 0 0 0 0 0 0 0 0 0 0 28 1 1 0 4 0.142857 28 3 1 18 4 0.142857 0 0 0 0 0 0 0 0 0 0 0 0 0 0 0 0 0 0 0 0 0 0 0 0 0 0 0 0 0 0 0 0 0 0 0 0 0 0 0 0 0 0 0 0 0 0 0 0 
28 1 1 0 4 0.142857 28 2 2 4 3 0.107143 0 0 0 0 0 0 0 0 0 0 0 0 0 0 0 0 0 0 28 3 1 5 5 0.178571 0 0 0 0 0 0 0 0 0 0 0 0 0 0 0 0 0 0 0 0 0 0 0 0 0 0 0 0 0 0 0 0 0 0 0 0 0 0 0 0 0 0 0 0 0 0 0 0 0 0 0 0 0 0 
28 3 1 5 5 0.178571 28 1 1 0 4 0.142857 28 1 15 0 1 0.035714 28 0 2 0 0 0 0 0 0 0 0 0 28 2 2 4 6 0.214286 0 0 0 0 0 0 0 0 0 0 0 0 0 0 0 0 0 0 0 0 0 0 0 0 0 0 0 0 0 0 0 0 0 0 0 0 0 0 0 0 0 0 0 0 0 0 0 0 0 0 0 0 0 0 
28 1 2 0 1 0.035714 28 0 2 0 0 0 0 0 0 0 0 0 0 0 0 0 0 0 0 0 0 0 0 0 28 3 1 18 4 0.142857 28 3 2 18 2 0.071429 0 0 0 0 0 0 0 0 0 0 0 0 0 0 0 0 0 0 0 0 0 0 0 0 0 0 0 0 0 0 0 0 0 0 0 0 0 0 0 0 0 0 0 0 0 0 0 0 
28 3 1 18 4 0.142857 28 0 7 0 0 0 28 1 2 0 1 0.035714 28 2 2 4 3 0.107143 0 0 0 0 0 0 28 2 2 4 6 0.214286 0 0 0 0 0 0 0 0 0 0 0 0 0 0 0 0 0 0 0 0 0 0 0 0 0 0 0 0 0 0 0 0 0 0 0 0 0 0 0 0 0 0 0 0 0 0 0 0 0 0 0 0 0 0 
28 2 2 4 6 0.214286 28 3 1 18 4 0.142857 28 3 1 5 5 0.178571 0 0 0 0 0 0 0 0 0 0 0 0 28 1 1 0 7 0.250000 28 2 1 4 11 0.392857 0 0 0 0 0 0 0 0 0 0 0 0 0 0 0 0 0 0 0 0 0 0 0 0 0 0 0 0 0 0 0 0 0 0 0 0 0 0 0 0 0 0 0 0 0 0 0 0 
28 1 1 0 7 0.250000 28 2 2 4 6 0.214286 0 0 0 0 0 0 0 0 0 0 0 0 0 0 0 0 0 0 28 3 1 5 10 0.357143 0 0 0 0 0 0 0 0 0 0 0 0 0 0 0 0 0 0 0 0 0 0 0 0 0 0 0 0 0 0 0 0 0 0 0 0 0 0 0 0 0 0 0 0 0 0 0 0 0 0 0 0 0 0 
28 1 3 0 1 0.035714 28 0 3 0 0 0 0 0 0 0 0 0 0 0 0 0 0 0 0 0 0 0 0 0 28 3 1 5 3 0.107143 28 3 2 5 4 0.142857 28 2 1 12 19 0.678571 0 0 0 0 0 0 0 0 0 0 0 0 0 0 0 0 0 0 0 0 0 0 0 0 0 0 0 0 0 0 0 0 0 0 0 0 0 0 0 0 0 0 
28 1 3 0 1 0.035714 28 0 3 0 0 0 0 0 0 0 0 0 0 0 0 0 0 0 0 0 0 0 0 0 28 2 2 4 2 0.071429 28 3 1 5 3 0.107143 28 2 1 12 19 0.678571 0 0 0 0 0 0 0 0 0 0 0 0 0 0 0 0 0 0 0 0 0 0 0 0 0 0 0 0 0 0 0 0 0 0 0 0 0 0 0 0 0 0 
28 2 2 4 2 0.071429 28 0 3 0 0 0 28 1 3 0 1 0.035714 0 0 0 0 0 0 0 0 0 0 0 0 28 3 1 5 3 0.107143 28 2 1 4 3 0.107143 0 0 0 0 0 0 0 0 0 0 0 0 0 0 0 0 0 0 0 0 0 0 0 0 0 0 0 0 0 0 0 0 0 0 0 0 0 0 0 0 0 0 0 0 0 0 0 0 
28 1 3 0 1 0.035714 28 0 3 0 0 0 0 0 0 0 0 0 0 0 0 0 0 0 0 0 0 0 0 0 28 2 2 4 2 0.071429 28 2 1 4 3 0.107143 28 2 1 12 20 0.714286 0 0 0 0 0 0 0 0 0 0 0 0 0 0 0 0 0 0 0 0 0 0 0 0 0 0 0 0 0 0 0 0 0 0 0 0 0 0 0 0 0 0 
28 2 2 4 2 0.071429 28 1 3 0 1 0.035714 28 0 3 0 0 0 0 0 0 0 0 0 0 0 0 0 0 0 28 3 1 5 3 0.107143 28 2 1 4 3 0.107143 0 0 0 0 0 0 0 0 0 0 0 0 0 0 0 0 0 0 0 0 0 0 0 0 0 0 0 0 0 0 0 0 0 0 0 0 0 0 0 0 0 0 0 0 0 0 0 0 
28 3 1 5 3 0.107143 28 2 2 4 2 0.071429 28 2 2 4 2 0.071429 28 1 3 0 1 0.035714 0 0 0 0 0 0 28 2 3 4 5 0.178571 0 0 0 0 0 0 0 0 0 0 0 0 0 0 0 0 0 0 0 0 0 0 0 0 0 0 0 0 0 0 0 0 0 0 0 0 0 0 0 0 0 0 0 0 0 0 0 0 0 0 0 0 0 0 
28 2 1 4 3 0.107143 28 2 2 4 2 0.071429 28 2 2 4 2 0.071429 0 0 0 0 0 0 0 0 0 0 0 0 28 2 1 4 4 0.142857 0 0 0 0 0 0 0 0 0 0 0 0 0 0 0 0 0 0 0 0 0 0 0 0 0 0 0 0 0 0 0 0 0 0 0 0 0 0 0 0 0 0 0 0 0 0 0 0 0 0 0 0 0 0 
28 2 1 4 4 0.142857 28 2 1 4 3 0.107143 28 0 3 0 0 0 0 0 0 0 0 0 0 0 0 0 0 0 28 2 3 4 5 0.178571 0 0 0 0 0 0 0 0 0 0 0 0 0 0 0 0 0 0 0 0 0 0 0 0 0 0 0 0 0 0 0 0 0 0 0 0 0 0 0 0 0 0 0 0 0 0 0 0 0 0 0 0 0 0 
28 2 3 4 5 0.178571 28 2 1 4 4 0.142857 28 3 1 5 3 0.107143 0 0 0 0 0 0 0 0 0 0 0 0 28 1 2 0 6 0.214286 28 2 2 4 9 0.321429 28 2 2 4 6 0.214286 0 0 0 0 0 0 0 0 0 0 0 0 0 0 0 0 0 0 0 0 0 0 0 0 0 0 0 0 0 0 0 0 0 0 0 0 0 0 0 0 0 0 
28 1 2 0 6 0.214286 28 2 3 4 5 0.178571 0 0 0 0 0 0 0 0 0 0 0 0 0 0 0 0 0 0 28 3 2 5 8 0.285714 28 2 2 4 7 0.250000 0 0 0 0 0 0 0 0 0 0 0 0 0 0 0 0 0 0 0 0 0 0 0 0 0 0 0 0 0 0 0 0 0 0 0 0 0 0 0 0 0 0 0 0 0 0 0 0 
28 1 4 0 1 0.035714 28 0 4 0 0 0 0 0 0 0 0 0 0 0 0 0 0 0 0 0 0 0 0 0 28 3 2 5 3 0.107143 28 2 2 4 2 0.071429 28 2 2 4 2 0.071429 28 2 1 12 19 0.678571 0 0 0 0 0 0 0 0 0 0 0 0 0 0 0 0 0 0 0 0 0 0 0 0 0 0 0 0 0 0 0 0 0 0 0 0 
28 1 4 0 1 0.035714 28 0 4 0 0 0 0 0 0 0 0 0 0 0 0 0 0 0 0 0 0 0 0 0 28 2 2 4 2 0.071429 28 3 2 18 3 0.107143 28 2 2 4 2 0.071429 28 2 1 12 19 0.678571 0 0 0 0 0 0 0 0 0 0 0 0 0 0 0 0 0 0 0 0 0 0 0 0 0 0 0 0 0 0 0 0 0 0 0 0 
28 2 2 4 2 0.071429 28 0 3 0 0 0 28 1 4 0 1 0.035714 0 0 0 0 0 0 0 0 0 0 0 0 28 3 2 5 3 0.107143 28 2 1 4 3 0.107143 0 0 0 0 0 0 0 0 0 0 0 0 0 0 0 0 0 0 0 0 0 0 0 0 0 0 0 0 0 0 0 0 0 0 0 0 0 0 0 0 0 0 0 0 0 0 0 0 
28 1 3 0 1 0.035714 28 0 3 0 0 0 0 0 0 0 0 0 0 0 0 0 0 0 0 0 0 0 0 0 28 2 2 4 2 0.071429 28 3 1 5 3 0.107143 28 2 1 12 19 0.678571 0 0 0 0 0 0 0 0 0 0 0 0 0 0 0 0 0 0 0 0 0 0 0 0 0 0 0 0 0 0 0 0 0 0 0 0 0 0 0 0 0 0 
28 2 2 4 2 0.071429 28 1 3 0 1 0.035714 28 0 4 0 0 0 0 0 0 0 0 0 0 0 0 0 0 0 28 3 2 5 3 0.107143 28 2 1 4 3 0.107143 0 0 0 0 0 0 0 0 0 0 0 0 0 0 0 0 0 0 0 0 0 0 0 0 0 0 0 0 0 0 0 0 0 0 0 0 0 0 0 0 0 0 0 0 0 0 0 0 
28 3 2 5 3 0.107143 28 2 2 4 2 0.071429 28 2 2 4 2 0.071429 28 1 4 0 1 0.035714 0 0 0 0 0 0 28 2 4 4 5 0.178571 28 3 2 5 5 0.178571 0 0 0 0 0 0 0 0 0 0 0 0 0 0 0 0 0 0 0 0 0 0 0 0 0 0 0 0 0 0 0 0 0 0 0 0 0 0 0 0 0 0 0 0 0 0 0 0 
28 2 1 4 3 0.107143 28 2 2 4 2 0.071429 28 2 2 4 2 0.071429 0 0 0 0 0 0 0 0 0 0 0 0 28 2 2 4 4 0.142857 0 0 0 0 0 0 0 0 0 0 0 0 0 0 0 0 0 0 0 0 0 0 0 0 0 0 0 0 0 0 0 0 0 0 0 0 0 0 0 0 0 0 0 0 0 0 0 0 0 0 0 0 0 0 
28 2 2 4 4 0.142857 28 2 1 4 3 0.107143 28 0 4 0 0 0 0 0 0 0 0 0 0 0 0 0 0 0 28 2 4 4 5 0.178571 28 3 2 5 5 0.178571 0 0 0 0 0 0 0 0 0 0 0 0 0 0 0 0 0 0 0 0 0 0 0 0 0 0 0 0 0 0 0 0 0 0 0 0 0 0 0 0 0 0 0 0 0 0 0 0 
28 2 4 4 5 0.178571 28 2 2 4 4 0.142857 28 3 2 5 3 0.107143 0 0 0 0 0 0 0 0 0 0 0 0 28 1 2 0 6 0.214286 28 2 2 4 6 0.214286 28 2 2 4 6 0.214286 28 2 2 4 6 0.214286 0 0 0 0 0 0 0 0 0 0 0 0 0 0 0 0 0 0 0 0 0 0 0 0 0 0 0 0 0 0 0 0 0 0 0 0 
28 1 2 0 6 0.214286 28 2 4 4 5 0.178571 0 0 0 0 0 0 0 0 0 0 0 0 0 0 0 0 0 0 28 2 2 4 7 0.250000 28 2 2 4 7 0.250000 0 0 0 0 0 0 0 0 0 0 0 0 0 0 0 0 0 0 0 0 0 0 0 0 0 0 0 0 0 0 0 0 0 0 0 0 0 0 0 0 0 0 0 0 0 0 0 0 
28 1 3 0 1 0.035714 28 0 3 0 0 0 0 0 0 0 0 0 0 0 0 0 0 0 0 0 0 0 0 0 28 2 2 4 2 0.071429 28 3 1 5 3 0.107143 28 2 1 12 19 0.678571 0 0 0 0 0 0 0 0 0 0 0 0 0 0 0 0 0 0 0 0 0 0 0 0 0 0 0 0 0 0 0 0 0 0 0 0 0 0 0 0 0 0 
28 2 2 4 2 0.071429 28 0 3 0 0 0 28 1 3 0 1 0.035714 0 0 0 0 0 0 0 0 0 0 0 0 28 3 1 5 3 0.107143 28 2 1 4 3 0.107143 0 0 0 0 0 0 0 0 0 0 0 0 0 0 0 0 0 0 0 0 0 0 0 0 0 0 0 0 0 0 0 0 0 0 0 0 0 0 0 0 0 0 0 0 0 0 0 0 
28 1 3 0 1 0.035714 28 0 3 0 0 0 0 0 0 0 0 0 0 0 0 0 0 0 0 0 0 0 0 0 28 2 2 4 2 0.071429 28 3 1 5 3 0.107143 28 2 1 12 19 0.678571 0 0 0 0 0 0 0 0 0 0 0 0 0 0 0 0 0 0 0 0 0 0 0 0 0 0 0 0 0 0 0 0 0 0 0 0 0 0 0 0 0 0 
28 2 2 4 2 0.071429 28 1 3 0 1 0.035714 28 0 3 0 0 0 0 0 0 0 0 0 0 0 0 0 0 0 28 3 1 5 3 0.107143 28 2 1 4 3 0.107143 0 0 0 0 0 0 0 0 0 0 0 0 0 0 0 0 0 0 0 0 0 0 0 0 0 0 0 0 0 0 0 0 0 0 0 0 0 0 0 0 0 0 0 0 0 0 0 0 
28 3 1 5 3 0.107143 28 2 2 4 2 0.071429 28 2 2 4 2 0.071429 28 1 4 0 1 0.035714 0 0 0 0 0 0 28 2 3 4 5 0.178571 0 0 0 0 0 0 0 0 0 0 0 0 0 0 0 0 0 0 0 0 0 0 0 0 0 0 0 0 0 0 0 0 0 0 0 0 0 0 0 0 0 0 0 0 0 0 0 0 0 0 0 0 0 0 
28 2 1 4 3 0.107143 28 2 2 4 2 0.071429 28 2 2 4 2 0.071429 0 0 0 0 0 0 0 0 0 0 0 0 28 2 1 4 4 0.142857 0 0 0 0 0 0 0 0 0 0 0 0 0 0 0 0 0 0 0 0 0 0 0 0 0 0 0 0 0 0 0 0 0 0 0 0 0 0 0 0 0 0 0 0 0 0 0 0 0 0 0 0 0 0 
28 2 1 4 4 0.142857 28 2 1 4 3 0.107143 28 0 2 0 0 0 0 0 0 0 0 0 0 0 0 0 0 0 28 2 3 4 5 0.178571 0 0 0 0 0 0 0 0 0 0 0 0 0 0 0 0 0 0 0 0 0 0 0 0 0 0 0 0 0 0 0 0 0 0 0 0 0 0 0 0 0 0 0 0 0 0 0 0 0 0 0 0 0 0 
28 2 3 4 5 0.178571 28 2 1 4 4 0.142857 28 3 1 5 3 0.107143 0 0 0 0 0 0 0 0 0 0 0 0 28 1 2 0 6 0.214286 28 2 2 4 6 0.214286 28 2 2 4 6 0.214286 0 0 0 0 0 0 0 0 0 0 0 0 0 0 0 0 0 0 0 0 0 0 0 0 0 0 0 0 0 0 0 0 0 0 0 0 0 0 0 0 0 0 
28 1 2 0 6 0.214286 28 2 3 4 5 0.178571 0 0 0 0 0 0 0 0 0 0 0 0 0 0 0 0 0 0 28 2 2 4 7 0.250000 28 2 2 4 7 0.250000 0 0 0 0 0 0 0 0 0 0 0 0 0 0 0 0 0 0 0 0 0 0 0 0 0 0 0 0 0 0 0 0 0 0 0 0 0 0 0 0 0 0 0 0 0 0 0 0 
28 2 2 4 7 0.250000 28 1 2 0 6 0.214286 28 1 2 0 6 0.214286 0 0 0 0 0 0 0 0 0 0 0 0 28 3 2 5 8 0.285714 28 2 1 4 8 0.285714 0 0 0 0 0 0 0 0 0 0 0 0 0 0 0 0 0 0 0 0 0 0 0 0 0 0 0 0 0 0 0 0 0 0 0 0 0 0 0 0 0 0 0 0 0 0 0 0 
28 2 2 4 6 0.214286 28 2 3 4 5 0.178571 28 2 4 4 5 0.178571 0 0 0 0 0 0 0 0 0 0 0 0 28 3 2 5 8 0.285714 28 2 1 4 8 0.285714 0 0 0 0 0 0 0 0 0 0 0 0 0 0 0 0 0 0 0 0 0 0 0 0 0 0 0 0 0 0 0 0 0 0 0 0 0 0 0 0 0 0 0 0 0 0 0 0 
28 3 2 5 8 0.285714 28 2 2 4 6 0.214286 28 2 2 4 7 0.250000 28 1 2 0 6 0.214286 0 0 0 0 0 0 28 3 1 5 10 0.357143 28 2 1 4 10 0.357143 0 0 0 0 0 0 0 0 0 0 0 0 0 0 0 0 0 0 0 0 0 0 0 0 0 0 0 0 0 0 0 0 0 0 0 0 0 0 0 0 0 0 0 0 0 0 0 0 
28 2 1 4 8 0.285714 28 2 2 4 6 0.214286 28 2 2 4 7 0.250000 0 0 0 0 0 0 0 0 0 0 0 0 28 2 2 4 9 0.321429 0 0 0 0 0 0 0 0 0 0 0 0 0 0 0 0 0 0 0 0 0 0 0 0 0 0 0 0 0 0 0 0 0 0 0 0 0 0 0 0 0 0 0 0 0 0 0 0 0 0 0 0 0 0 
28 2 2 4 9 0.321429 28 2 1 4 8 0.285714 28 2 3 4 5 0.178571 0 0 0 0 0 0 0 0 0 0 0 0 28 3 1 5 10 0.357143 28 2 1 4 10 0.357143 0 0 0 0 0 0 0 0 0 0 0 0 0 0 0 0 0 0 0 0 0 0 0 0 0 0 0 0 0 0 0 0 0 0 0 0 0 0 0 0 0 0 0 0 0 0 0 0 
28 3 1 5 10 0.357143 28 2 2 4 9 0.321429 28 3 2 5 8 0.285714 28 1 1 0 7 0.250000 0 0 0 0 0 0 28 2 4 4 12 0.428571 0 0 0 0 0 0 0 0 0 0 0 0 0 0 0 0 0 0 0 0 0 0 0 0 0 0 0 0 0 0 0 0 0 0 0 0 0 0 0 0 0 0 0 0 0 0 0 0 0 0 0 0 0 0 
28 2 1 4 10 0.357143 28 2 2 4 9 0.321429 28 3 2 5 8 0.285714 0 0 0 0 0 0 0 0 0 0 0 0 28 2 1 4 11 0.392857 0 0 0 0 0 0 0 0 0 0 0 0 0 0 0 0 0 0 0 0 0 0 0 0 0 0 0 0 0 0 0 0 0 0 0 0 0 0 0 0 0 0 0 0 0 0 0 0 0 0 0 0 0 0 
28 2 1 4 11 0.392857 28 2 1 4 10 0.357143 28 2 2 4 6 0.214286 0 0 0 0 0 0 0 0 0 0 0 0 28 2 4 4 12 0.428571 0 0 0 0 0 0 0 0 0 0 0 0 0 0 0 0 0 0 0 0 0 0 0 0 0 0 0 0 0 0 0 0 0 0 0 0 0 0 0 0 0 0 0 0 0 0 0 0 0 0 0 0 0 0 
28 2 4 4 12 0.428571 28 2 1 4 11 0.392857 28 3 1 5 10 0.357143 0 0 0 0 0 0 0 0 0 0 0 0 28 3 2 5 13 0.464286 28 2 1 4 13 0.464286 28 1 1 0 13 0.464286 28 2 1 4 24 0.857143 0 0 0 0 0 0 0 0 0 0 0 0 0 0 0 0 0 0 0 0 0 0 0 0 0 0 0 0 0 0 0 0 0 0 0 0 
28 3 2 5 13 0.464286 28 2 4 4 12 0.428571 28 1 12 0 1 0.035714 28 1 1 0 1 0.035714 0 0 0 0 0 0 28 2 2 4 15 0.535714 28 3 1 5 15 0.535714 0 0 0 0 0 0 0 0 0 0 0 0 0 0 0 0 0 0 0 0 0 0 0 0 0 0 0 0 0 0 0 0 0 0 0 0 0 0 0 0 0 0 0 0 0 0 0 0 
28 2 1 4 13 0.464286 28 2 4 4 12 0.428571 28 1 12 0 1 0.035714 0 0 0 0 0 0 0 0 0 0 0 0 28 2 2 4 14 0.500000 0 0 0 0 0 0 0 0 0 0 0 0 0 0 0 0 0 0 0 0 0 0 0 0 0 0 0 0 0 0 0 0 0 0 0 0 0 0 0 0 0 0 0 0 0 0 0 0 0 0 0 0 0 0 
28 2 2 4 14 0.500000 28 2 1 4 13 0.464286 28 0 3 0 0 0 0 0 0 0 0 0 0 0 0 0 0 0 28 2 2 4 15 0.535714 28 3 1 5 15 0.535714 0 0 0 0 0 0 0 0 0 0 0 0 0 0 0 0 0 0 0 0 0 0 0 0 0 0 0 0 0 0 0 0 0 0 0 0 0 0 0 0 0 0 0 0 0 0 0 0 
28 2 2 4 15 0.535714 28 2 2 4 14 0.500000 28 3 2 5 13 0.464286 0 0 0 0 0 0 0 0 0 0 0 0 28 2 4 10 16 0.571429 28 1 2 0 16 0.571429 0 0 0 0 0 0 0 0 0 0 0 0 0 0 0 0 0 0 0 0 0 0 0 0 0 0 0 0 0 0 0 0 0 0 0 0 0 0 0 0 0 0 0 0 0 0 0 0 
28 2 2 4 2 0.071429 28 1 12 0 1 0.035714 28 0 4 0 0 0 0 0 0 0 0 0 0 0 0 0 0 0 28 2 4 4 3 0.107143 28 2 2 4 3 0.107143 0 0 0 0 0 0 0 0 0 0 0 0 0 0 0 0 0 0 0 0 0 0 0 0 0 0 0 0 0 0 0 0 0 0 0 0 0 0 0 0 0 0 0 0 0 0 0 0 
28 2 4 4 3 0.107143 28 2 2 4 2 0.071429 28 0 2 0 0 0 0 0 0 0 0 0 0 0 0 0 0 0 28 2 4 10 16 0.571429 28 3 1 5 15 0.535714 28 2 1 10 4 0.142857 28 2 1 7 4 0.142857 0 0 0 0 0 0 0 0 0 0 0 0 0 0 0 0 0 0 0 0 0 0 0 0 0 0 0 0 0 0 0 0 0 0 0 0 
28 2 4 10 16 0.571429 28 2 4 4 3 0.107143 28 2 2 4 15 0.535714 0 0 0 0 0 0 0 0 0 0 0 0 28 2 7 10 17 0.607143 28 2 5 10 17 0.607143 28 3 1 5 17 0.607143 28 2 1 4 17 0.607143 0 0 0 0 0 0 0 0 0 0 0 0 0 0 0 0 0 0 0 0 0 0 0 0 0 0 0 0 0 0 0 0 0 0 0 0 
28 1 3 0 1 0.035714 28 0 3 0 0 0 0 0 0 0 0 0 0 0 0 0 0 0 0 0 0 0 0 0 28 3 1 5 3 0.107143 28 2 2 4 2 0.071429 28 2 1 12 20 0.714286 0 0 0 0 0 0 0 0 0 0 0 0 0 0 0 0 0 0 0 0 0 0 0 0 0 0 0 0 0 0 0 0 0 0 0 0 0 0 0 0 0 0 
28 1 3 0 1 0.035714 28 0 3 0 0 0 0 0 0 0 0 0 0 0 0 0 0 0 0 0 0 0 0 0 28 2 2 4 2 0.071429 28 2 2 4 2 0.071429 28 2 1 12 19 0.678571 0 0 0 0 0 0 0 0 0 0 0 0 0 0 0 0 0 0 0 0 0 0 0 0 0 0 0 0 0 0 0 0 0 0 0 0 0 0 0 0 0 0 
28 2 2 4 2 0.071429 28 0 3 0 0 0 28 1 3 0 1 0.035714 0 0 0 0 0 0 0 0 0 0 0 0 28 3 1 5 3 0.107143 28 2 1 4 3 0.107143 0 0 0 0 0 0 0 0 0 0 0 0 0 0 0 0 0 0 0 0 0 0 0 0 0 0 0 0 0 0 0 0 0 0 0 0 0 0 0 0 0 0 0 0 0 0 0 0 
28 1 3 0 1 0.035714 28 0 3 0 0 0 0 0 0 0 0 0 0 0 0 0 0 0 0 0 0 0 0 0 28 2 2 4 2 0.071429 28 2 2 4 2 0.071429 28 2 1 12 19 0.678571 0 0 0 0 0 0 0 0 0 0 0 0 0 0 0 0 0 0 0 0 0 0 0 0 0 0 0 0 0 0 0 0 0 0 0 0 0 0 0 0 0 0 
28 2 2 4 2 0.071429 28 1 3 0 1 0.035714 28 0 3 0 0 0 0 0 0 0 0 0 0 0 0 0 0 0 28 3 1 5 3 0.107143 28 2 1 4 3 0.107143 0 0 0 0 0 0 0 0 0 0 0 0 0 0 0 0 0 0 0 0 0 0 0 0 0 0 0 0 0 0 0 0 0 0 0 0 0 0 0 0 0 0 0 0 0 0 0 0 
28 3 1 5 3 0.107143 28 2 2 4 2 0.071429 28 2 2 4 2 0.071429 28 1 3 0 1 0.035714 0 0 0 0 0 0 28 2 3 4 5 0.178571 0 0 0 0 0 0 0 0 0 0 0 0 0 0 0 0 0 0 0 0 0 0 0 0 0 0 0 0 0 0 0 0 0 0 0 0 0 0 0 0 0 0 0 0 0 0 0 0 0 0 0 0 0 0 
28 2 1 4 3 0.107143 28 2 2 4 2 0.071429 28 2 2 4 2 0.071429 0 0 0 0 0 0 0 0 0 0 0 0 28 2 1 4 4 0.142857 0 0 0 0 0 0 0 0 0 0 0 0 0 0 0 0 0 0 0 0 0 0 0 0 0 0 0 0 0 0 0 0 0 0 0 0 0 0 0 0 0 0 0 0 0 0 0 0 0 0 0 0 0 0 
28 2 1 4 4 0.142857 28 2 1 4 3 0.107143 28 0 3 0 0 0 0 0 0 0 0 0 0 0 0 0 0 0 28 2 3 4 5 0.178571 0 0 0 0 0 0 0 0 0 0 0 0 0 0 0 0 0 0 0 0 0 0 0 0 0 0 0 0 0 0 0 0 0 0 0 0 0 0 0 0 0 0 0 0 0 0 0 0 0 0 0 0 0 0 
28 2 3 4 5 0.178571 28 2 1 4 4 0.142857 28 3 1 5 3 0.107143 0 0 0 0 0 0 0 0 0 0 0 0 28 2 2 4 6 0.214286 28 1 2 0 6 0.214286 28 2 3 4 9 0.321429 0 0 0 0 0 0 0 0 0 0 0 0 0 0 0 0 0 0 0 0 0 0 0 0 0 0 0 0 0 0 0 0 0 0 0 0 0 0 0 0 0 0 
28 2 2 4 6 0.214286 28 2 3 4 5 0.178571 28 2 3 4 5 0.178571 0 0 0 0 0 0 0 0 0 0 0 0 28 3 2 5 8 0.285714 28 2 1 4 8 0.285714 0 0 0 0 0 0 0 0 0 0 0 0 0 0 0 0 0 0 0 0 0 0 0 0 0 0 0 0 0 0 0 0 0 0 0 0 0 0 0 0 0 0 0 0 0 0 0 0 
28 1 2 0 6 0.214286 28 2 3 4 5 0.178571 0 0 0 0 0 0 0 0 0 0 0 0 0 0 0 0 0 0 28 2 2 4 7 0.250000 28 3 3 5 8 0.285714 0 0 0 0 0 0 0 0 0 0 0 0 0 0 0 0 0 0 0 0 0 0 0 0 0 0 0 0 0 0 0 0 0 0 0 0 0 0 0 0 0 0 0 0 0 0 0 0 
28 2 2 4 7 0.250000 28 1 2 0 6 0.214286 28 1 2 0 6 0.214286 0 0 0 0 0 0 0 0 0 0 0 0 28 3 2 5 8 0.285714 28 2 1 4 8 0.285714 0 0 0 0 0 0 0 0 0 0 0 0 0 0 0 0 0 0 0 0 0 0 0 0 0 0 0 0 0 0 0 0 0 0 0 0 0 0 0 0 0 0 0 0 0 0 0 0 
28 2 1 4 2 0.071429 28 0 4 0 0 0 28 1 4 0 1 0.035714 0 0 0 0 0 0 0 0 0 0 0 0 28 2 2 4 3 0.107143 0 0 0 0 0 0 0 0 0 0 0 0 0 0 0 0 0 0 0 0 0 0 0 0 0 0 0 0 0 0 0 0 0 0 0 0 0 0 0 0 0 0 0 0 0 0 0 0 0 0 0 0 0 0 
28 1 4 0 1 0.035714 28 0 4 0 0 0 0 0 0 0 0 0 0 0 0 0 0 0 0 0 0 0 0 0 28 2 1 4 2 0.071429 28 2 2 4 2 0.071429 28 2 2 4 2 0.071429 28 2 1 12 19 0.678571 0 0 0 0 0 0 0 0 0 0 0 0 0 0 0 0 0 0 0 0 0 0 0 0 0 0 0 0 0 0 0 0 0 0 0 0 
28 2 1 4 2 0.071429 28 1 4 0 1 0.035714 28 0 4 0 0 0 0 0 0 0 0 0 0 0 0 0 0 0 28 2 2 4 3 0.107143 0 0 0 0 0 0 0 0 0 0 0 0 0 0 0 0 0 0 0 0 0 0 0 0 0 0 0 0 0 0 0 0 0 0 0 0 0 0 0 0 0 0 0 0 0 0 0 0 0 0 0 0 0 0 
28 2 2 4 3 0.107143 28 2 1 4 2 0.071429 28 2 1 4 2 0.071429 0 0 0 0 0 0 0 0 0 0 0 0 28 1 1 0 4 0.142857 28 2 2 4 9 0.321429 0 0 0 0 0 0 0 0 0 0 0 0 0 0 0 0 0 0 0 0 0 0 0 0 0 0 0 0 0 0 0 0 0 0 0 0 0 0 0 0 0 0 0 0 0 0 0 0 
28 1 1 0 4 0.142857 28 2 2 4 3 0.107143 0 0 0 0 0 0 0 0 0 0 0 0 0 0 0 0 0 0 28 3 2 5 8 0.285714 0 0 0 0 0 0 0 0 0 0 0 0 0 0 0 0 0 0 0 0 0 0 0 0 0 0 0 0 0 0 0 0 0 0 0 0 0 0 0 0 0 0 0 0 0 0 0 0 0 0 0 0 0 0 
28 3 2 5 8 0.285714 28 1 1 0 4 0.142857 28 2 2 4 7 0.250000 28 2 2 4 6 0.214286 0 0 0 0 0 0 28 2 2 10 10 0.357143 28 2 3 4 10 0.357143 0 0 0 0 0 0 0 0 0 0 0 0 0 0 0 0 0 0 0 0 0 0 0 0 0 0 0 0 0 0 0 0 0 0 0 0 0 0 0 0 0 0 0 0 0 0 0 0 
28 2 1 4 8 0.285714 28 2 2 4 7 0.250000 28 2 2 4 6 0.214286 0 0 0 0 0 0 0 0 0 0 0 0 28 2 2 4 9 0.321429 0 0 0 0 0 0 0 0 0 0 0 0 0 0 0 0 0 0 0 0 0 0 0 0 0 0 0 0 0 0 0 0 0 0 0 0 0 0 0 0 0 0 0 0 0 0 0 0 0 0 0 0 0 0 
28 2 2 4 9 0.321429 28 2 1 4 8 0.285714 28 2 2 4 3 0.107143 0 0 0 0 0 0 0 0 0 0 0 0 28 2 2 10 10 0.357143 28 2 3 4 10 0.357143 0 0 0 0 0 0 0 0 0 0 0 0 0 0 0 0 0 0 0 0 0 0 0 0 0 0 0 0 0 0 0 0 0 0 0 0 0 0 0 0 0 0 0 0 0 0 0 0 
28 2 2 10 10 0.357143 28 2 2 4 9 0.321429 28 3 2 5 8 0.285714 0 0 0 0 0 0 0 0 0 0 0 0 28 2 3 4 11 0.392857 28 3 2 18 11 0.392857 0 0 0 0 0 0 0 0 0 0 0 0 0 0 0 0 0 0 0 0 0 0 0 0 0 0 0 0 0 0 0 0 0 0 0 0 0 0 0 0 0 0 0 0 0 0 0 0 
28 1 3 0 1 0.035714 28 0 3 0 0 0 0 0 0 0 0 0 0 0 0 0 0 0 0 0 0 0 0 0 28 3 2 5 5 0.178571 28 2 2 4 2 0.071429 28 2 1 12 19 0.678571 0 0 0 0 0 0 0 0 0 0 0 0 0 0 0 0 0 0 0 0 0 0 0 0 0 0 0 0 0 0 0 0 0 0 0 0 0 0 0 0 0 0 
28 3 2 5 5 0.178571 28 2 2 4 4 0.142857 28 3 2 5 3 0.107143 28 1 3 0 1 0.035714 0 0 0 0 0 0 28 3 1 5 7 0.250000 28 2 1 4 7 0.250000 0 0 0 0 0 0 0 0 0 0 0 0 0 0 0 0 0 0 0 0 0 0 0 0 0 0 0 0 0 0 0 0 0 0 0 0 0 0 0 0 0 0 0 0 0 0 0 0 
28 2 2 4 6 0.214286 28 2 4 4 5 0.178571 28 0 3 0 0 0 0 0 0 0 0 0 0 0 0 0 0 0 28 3 1 5 7 0.250000 28 2 1 4 7 0.250000 0 0 0 0 0 0 0 0 0 0 0 0 0 0 0 0 0 0 0 0 0 0 0 0 0 0 0 0 0 0 0 0 0 0 0 0 0 0 0 0 0 0 0 0 0 0 0 0 
28 2 2 4 2 0.071429 28 1 15 0 1 0.035714 28 0 2 0 0 0 0 0 0 0 0 0 0 0 0 0 0 0 28 1 1 0 3 0.107143 28 2 1 4 8 0.285714 0 0 0 0 0 0 0 0 0 0 0 0 0 0 0 0 0 0 0 0 0 0 0 0 0 0 0 0 0 0 0 0 0 0 0 0 0 0 0 0 0 0 0 0 0 0 0 0 
28 1 1 0 3 0.107143 28 2 2 4 2 0.071429 0 0 0 0 0 0 0 0 0 0 0 0 0 0 0 0 0 0 28 3 1 5 7 0.250000 0 0 0 0 0 0 0 0 0 0 0 0 0 0 0 0 0 0 0 0 0 0 0 0 0 0 0 0 0 0 0 0 0 0 0 0 0 0 0 0 0 0 0 0 0 0 0 0 0 0 0 0 0 0 
28 3 1 5 7 0.250000 28 1 1 0 3 0.107143 28 2 2 4 6 0.214286 28 3 2 5 5 0.178571 0 0 0 0 0 0 28 2 4 4 9 0.321429 0 0 0 0 0 0 0 0 0 0 0 0 0 0 0 0 0 0 0 0 0 0 0 0 0 0 0 0 0 0 0 0 0 0 0 0 0 0 0 0 0 0 0 0 0 0 0 0 0 0 0 0 0 0 
28 2 1 4 7 0.250000 28 2 2 4 6 0.214286 28 3 2 5 5 0.178571 0 0 0 0 0 0 0 0 0 0 0 0 28 2 1 4 8 0.285714 0 0 0 0 0 0 0 0 0 0 0 0 0 0 0 0 0 0 0 0 0 0 0 0 0 0 0 0 0 0 0 0 0 0 0 0 0 0 0 0 0 0 0 0 0 0 0 0 0 0 0 0 0 0 
28 2 1 4 8 0.285714 28 2 1 4 7 0.250000 28 2 2 4 2 0.071429 0 0 0 0 0 0 0 0 0 0 0 0 28 2 4 4 9 0.321429 0 0 0 0 0 0 0 0 0 0 0 0 0 0 0 0 0 0 0 0 0 0 0 0 0 0 0 0 0 0 0 0 0 0 0 0 0 0 0 0 0 0 0 0 0 0 0 0 0 0 0 0 0 0 
28 2 4 4 9 0.321429 28 2 1 4 8 0.285714 28 3 1 5 7 0.250000 0 0 0 0 0 0 0 0 0 0 0 0 28 1 1 0 10 0.357143 28 2 3 4 11 0.392857 28 3 1 18 11 0.392857 28 2 1 10 11 0.392857 0 0 0 0 0 0 0 0 0 0 0 0 0 0 0 0 0 0 0 0 0 0 0 0 0 0 0 0 0 0 0 0 0 0 0 0 
28 1 1 0 10 0.357143 28 2 4 4 9 0.321429 0 0 0 0 0 0 0 0 0 0 0 0 0 0 0 0 0 0 28 2 3 4 11 0.392857 0 0 0 0 0 0 0 0 0 0 0 0 0 0 0 0 0 0 0 0 0 0 0 0 0 0 0 0 0 0 0 0 0 0 0 0 0 0 0 0 0 0 0 0 0 0 0 0 0 0 0 0 0 0 
28 2 3 4 11 0.392857 28 1 1 0 10 0.357143 28 2 2 10 10 0.357143 0 0 0 0 0 0 0 0 0 0 0 0 28 2 1 10 12 0.428571 28 2 1 4 12 0.428571 28 3 1 5 24 0.857143 0 0 0 0 0 0 0 0 0 0 0 0 0 0 0 0 0 0 0 0 0 0 0 0 0 0 0 0 0 0 0 0 0 0 0 0 0 0 0 0 0 0 
28 2 1 10 12 0.428571 28 2 3 4 11 0.392857 28 1 12 0 1 0.035714 0 0 0 0 0 0 0 0 0 0 0 0 28 2 2 4 13 0.464286 0 0 0 0 0 0 0 0 0 0 0 0 0 0 0 0 0 0 0 0 0 0 0 0 0 0 0 0 0 0 0 0 0 0 0 0 0 0 0 0 0 0 0 0 0 0 0 0 0 0 0 0 0 0 
28 2 3 4 10 0.357143 28 2 2 4 9 0.321429 28 3 2 5 8 0.285714 0 0 0 0 0 0 0 0 0 0 0 0 28 2 3 4 11 0.392857 28 3 1 18 11 0.392857 28 2 1 10 11 0.392857 0 0 0 0 0 0 0 0 0 0 0 0 0 0 0 0 0 0 0 0 0 0 0 0 0 0 0 0 0 0 0 0 0 0 0 0 0 0 0 0 0 0 
28 2 3 4 11 0.392857 28 2 4 4 9 0.321429 28 2 3 4 10 0.357143 0 0 0 0 0 0 0 0 0 0 0 0 28 2 1 10 12 0.428571 28 2 1 4 12 0.428571 28 3 1 5 24 0.857143 0 0 0 0 0 0 0 0 0 0 0 0 0 0 0 0 0 0 0 0 0 0 0 0 0 0 0 0 0 0 0 0 0 0 0 0 0 0 0 0 0 0 
28 3 2 18 1 0.035714 28 0 11 0 0 0 28 0 4 0 0 0 28 0 2 0 0 0 0 0 0 0 0 0 28 2 1 10 12 0.428571 28 1 2 0 2 0.071429 0 0 0 0 0 0 0 0 0 0 0 0 0 0 0 0 0 0 0 0 0 0 0 0 0 0 0 0 0 0 0 0 0 0 0 0 0 0 0 0 0 0 0 0 0 0 0 0 
28 2 1 10 12 0.428571 28 3 2 18 1 0.035714 28 2 3 4 11 0.392857 0 0 0 0 0 0 0 0 0 0 0 0 28 2 2 4 13 0.464286 0 0 0 0 0 0 0 0 0 0 0 0 0 0 0 0 0 0 0 0 0 0 0 0 0 0 0 0 0 0 0 0 0 0 0 0 0 0 0 0 0 0 0 0 0 0 0 0 0 0 0 0 0 0 
28 2 2 4 13 0.464286 28 2 1 10 12 0.428571 28 2 1 10 12 0.428571 0 0 0 0 0 0 0 0 0 0 0 0 28 2 1 4 14 0.500000 28 2 2 10 14 0.500000 0 0 0 0 0 0 0 0 0 0 0 0 0 0 0 0 0 0 0 0 0 0 0 0 0 0 0 0 0 0 0 0 0 0 0 0 0 0 0 0 0 0 0 0 0 0 0 0 
28 3 1 18 11 0.392857 28 2 4 4 9 0.321429 28 2 3 4 10 0.357143 28 1 12 0 1 0.035714 0 0 0 0 0 0 28 3 2 18 12 0.428571 0 0 0 0 0 0 0 0 0 0 0 0 0 0 0 0 0 0 0 0 0 0 0 0 0 0 0 0 0 0 0 0 0 0 0 0 0 0 0 0 0 0 0 0 0 0 0 0 0 0 0 0 0 0 
28 2 1 10 11 0.392857 28 2 4 4 9 0.321429 28 2 3 4 10 0.357143 0 0 0 0 0 0 0 0 0 0 0 0 28 3 2 18 12 0.428571 0 0 0 0 0 0 0 0 0 0 0 0 0 0 0 0 0 0 0 0 0 0 0 0 0 0 0 0 0 0 0 0 0 0 0 0 0 0 0 0 0 0 0 0 0 0 0 0 0 0 0 0 0 0 
28 1 2 0 2 0.071429 28 3 2 18 1 0.035714 0 0 0 0 0 0 0 0 0 0 0 0 0 0 0 0 0 0 28 3 2 18 12 0.428571 28 2 1 4 3 0.107143 0 0 0 0 0 0 0 0 0 0 0 0 0 0 0 0 0 0 0 0 0 0 0 0 0 0 0 0 0 0 0 0 0 0 0 0 0 0 0 0 0 0 0 0 0 0 0 0 
28 3 2 18 12 0.428571 28 2 1 10 11 0.392857 28 3 1 18 11 0.392857 28 1 2 0 2 0.071429 0 0 0 0 0 0 28 2 1 4 14 0.500000 28 2 2 10 14 0.500000 0 0 0 0 0 0 0 0 0 0 0 0 0 0 0 0 0 0 0 0 0 0 0 0 0 0 0 0 0 0 0 0 0 0 0 0 0 0 0 0 0 0 0 0 0 0 0 0 
28 2 1 4 14 0.500000 28 3 2 18 12 0.428571 28 2 2 4 13 0.464286 0 0 0 0 0 0 0 0 0 0 0 0 28 2 3 10 15 0.535714 0 0 0 0 0 0 0 0 0 0 0 0 0 0 0 0 0 0 0 0 0 0 0 0 0 0 0 0 0 0 0 0 0 0 0 0 0 0 0 0 0 0 0 0 0 0 0 0 0 0 0 0 0 0 
28 3 3 18 1 0.035714 28 0 11 0 0 0 28 0 4 0 0 0 28 0 3 0 0 0 0 0 0 0 0 0 28 2 3 10 15 0.535714 28 2 1 4 15 0.535714 28 2 1 10 4 0.142857 0 0 0 0 0 0 0 0 0 0 0 0 0 0 0 0 0 0 0 0 0 0 0 0 0 0 0 0 0 0 0 0 0 0 0 0 0 0 0 0 0 0 
28 2 3 10 15 0.535714 28 3 3 18 1 0.035714 28 2 1 4 14 0.500000 0 0 0 0 0 0 0 0 0 0 0 0 28 2 7 10 17 0.607143 28 2 7 10 17 0.607143 28 2 1 4 17 0.607143 0 0 0 0 0 0 0 0 0 0 0 0 0 0 0 0 0 0 0 0 0 0 0 0 0 0 0 0 0 0 0 0 0 0 0 0 0 0 0 0 0 0 
28 2 7 10 17 0.607143 28 2 3 10 15 0.535714 28 2 4 10 16 0.571429 0 0 0 0 0 0 0 0 0 0 0 0 28 3 1 5 18 0.642857 28 3 2 5 18 0.642857 28 3 2 5 18 0.642857 28 3 2 5 18 0.642857 28 3 2 5 18 0.642857 28 3 2 5 18 0.642857 28 3 2 5 18 0.642857 0 0 0 0 0 0 0 0 0 0 0 0 0 0 0 0 0 0 
28 1 1 0 1 0.035714 28 0 3 0 0 0 0 0 0 0 0 0 0 0 0 0 0 0 0 0 0 0 0 0 28 3 3 5 13 0.464286 0 0 0 0 0 0 0 0 0 0 0 0 0 0 0 0 0 0 0 0 0 0 0 0 0 0 0 0 0 0 0 0 0 0 0 0 0 0 0 0 0 0 0 0 0 0 0 0 0 0 0 0 0 0 
28 2 2 4 6 0.214286 28 2 4 4 5 0.178571 28 2 3 4 5 0.178571 0 0 0 0 0 0 0 0 0 0 0 0 28 3 3 5 8 0.285714 28 2 3 4 8 0.285714 0 0 0 0 0 0 0 0 0 0 0 0 0 0 0 0 0 0 0 0 0 0 0 0 0 0 0 0 0 0 0 0 0 0 0 0 0 0 0 0 0 0 0 0 0 0 0 0 
28 2 2 4 7 0.250000 28 1 2 0 6 0.214286 28 1 2 0 6 0.214286 0 0 0 0 0 0 0 0 0 0 0 0 28 3 3 5 8 0.285714 28 2 3 4 8 0.285714 0 0 0 0 0 0 0 0 0 0 0 0 0 0 0 0 0 0 0 0 0 0 0 0 0 0 0 0 0 0 0 0 0 0 0 0 0 0 0 0 0 0 0 0 0 0 0 0 
28 3 3 5 8 0.285714 28 2 2 4 7 0.250000 28 2 2 4 6 0.214286 28 1 2 0 6 0.214286 0 0 0 0 0 0 28 3 1 5 10 0.357143 28 2 2 4 10 0.357143 28 3 1 5 10 0.357143 0 0 0 0 0 0 0 0 0 0 0 0 0 0 0 0 0 0 0 0 0 0 0 0 0 0 0 0 0 0 0 0 0 0 0 0 0 0 0 0 0 0 
28 2 3 4 8 0.285714 28 2 2 4 7 0.250000 28 2 2 4 6 0.214286 0 0 0 0 0 0 0 0 0 0 0 0 28 2 3 4 9 0.321429 28 2 1 4 9 0.321429 28 2 1 11 9 0.321429 0 0 0 0 0 0 0 0 0 0 0 0 0 0 0 0 0 0 0 0 0 0 0 0 0 0 0 0 0 0 0 0 0 0 0 0 0 0 0 0 0 0 
28 2 3 4 9 0.321429 28 2 3 4 8 0.285714 28 2 3 4 5 0.178571 0 0 0 0 0 0 0 0 0 0 0 0 28 3 1 5 10 0.357143 28 2 2 4 10 0.357143 28 3 1 5 10 0.357143 0 0 0 0 0 0 0 0 0 0 0 0 0 0 0 0 0 0 0 0 0 0 0 0 0 0 0 0 0 0 0 0 0 0 0 0 0 0 0 0 0 0 
28 1 3 0 1 0.035714 28 0 4 0 0 0 0 0 0 0 0 0 0 0 0 0 0 0 0 0 0 0 0 0 28 3 2 5 2 0.071429 28 2 1 4 2 0.071429 28 2 1 4 2 0.071429 0 0 0 0 0 0 0 0 0 0 0 0 0 0 0 0 0 0 0 0 0 0 0 0 0 0 0 0 0 0 0 0 0 0 0 0 0 0 0 0 0 0 
28 3 2 5 2 0.071429 28 1 15 0 1 0.035714 28 1 3 0 1 0.035714 28 0 2 0 0 0 0 0 0 0 0 0 28 2 1 11 3 0.107143 28 2 1 4 3 0.107143 0 0 0 0 0 0 0 0 0 0 0 0 0 0 0 0 0 0 0 0 0 0 0 0 0 0 0 0 0 0 0 0 0 0 0 0 0 0 0 0 0 0 0 0 0 0 0 0 
28 2 1 11 3 0.107143 28 3 2 5 2 0.071429 28 1 4 0 1 0.035714 0 0 0 0 0 0 0 0 0 0 0 0 28 2 3 4 4 0.142857 0 0 0 0 0 0 0 0 0 0 0 0 0 0 0 0 0 0 0 0 0 0 0 0 0 0 0 0 0 0 0 0 0 0 0 0 0 0 0 0 0 0 0 0 0 0 0 0 0 0 0 0 0 0 
28 2 1 4 3 0.107143 28 3 2 5 2 0.071429 28 1 4 0 1 0.035714 0 0 0 0 0 0 0 0 0 0 0 0 28 2 3 4 4 0.142857 0 0 0 0 0 0 0 0 0 0 0 0 0 0 0 0 0 0 0 0 0 0 0 0 0 0 0 0 0 0 0 0 0 0 0 0 0 0 0 0 0 0 0 0 0 0 0 0 0 0 0 0 0 0 
28 2 3 4 4 0.142857 28 2 1 4 3 0.107143 28 2 1 11 3 0.107143 0 0 0 0 0 0 0 0 0 0 0 0 28 3 1 5 10 0.357143 28 1 2 0 5 0.178571 28 3 1 5 25 0.892857 0 0 0 0 0 0 0 0 0 0 0 0 0 0 0 0 0 0 0 0 0 0 0 0 0 0 0 0 0 0 0 0 0 0 0 0 0 0 0 0 0 0 
28 3 1 5 10 0.357143 28 2 3 4 4 0.142857 28 2 3 4 9 0.321429 28 3 3 5 8 0.285714 0 0 0 0 0 0 28 2 2 4 12 0.428571 0 0 0 0 0 0 0 0 0 0 0 0 0 0 0 0 0 0 0 0 0 0 0 0 0 0 0 0 0 0 0 0 0 0 0 0 0 0 0 0 0 0 0 0 0 0 0 0 0 0 0 0 0 0 
28 2 2 4 10 0.357143 28 2 3 4 9 0.321429 28 3 3 5 8 0.285714 0 0 0 0 0 0 0 0 0 0 0 0 28 2 1 4 11 0.392857 28 2 2 4 24 0.857143 0 0 0 0 0 0 0 0 0 0 0 0 0 0 0 0 0 0 0 0 0 0 0 0 0 0 0 0 0 0 0 0 0 0 0 0 0 0 0 0 0 0 0 0 0 0 0 0 
28 1 2 0 5 0.178571 28 2 3 4 4 0.142857 0 0 0 0 0 0 0 0 0 0 0 0 0 0 0 0 0 0 28 2 1 4 11 0.392857 28 2 1 4 26 0.928571 0 0 0 0 0 0 0 0 0 0 0 0 0 0 0 0 0 0 0 0 0 0 0 0 0 0 0 0 0 0 0 0 0 0 0 0 0 0 0 0 0 0 0 0 0 0 0 0 
28 2 1 4 11 0.392857 28 1 2 0 5 0.178571 28 2 2 4 10 0.357143 0 0 0 0 0 0 0 0 0 0 0 0 28 2 2 4 12 0.428571 0 0 0 0 0 0 0 0 0 0 0 0 0 0 0 0 0 0 0 0 0 0 0 0 0 0 0 0 0 0 0 0 0 0 0 0 0 0 0 0 0 0 0 0 0 0 0 0 0 0 0 0 0 0 
28 2 2 4 12 0.428571 28 2 1 4 11 0.392857 28 3 1 5 10 0.357143 0 0 0 0 0 0 0 0 0 0 0 0 28 3 3 5 13 0.464286 28 2 1 4 13 0.464286 0 0 0 0 0 0 0 0 0 0 0 0 0 0 0 0 0 0 0 0 0 0 0 0 0 0 0 0 0 0 0 0 0 0 0 0 0 0 0 0 0 0 0 0 0 0 0 0 
28 3 3 5 13 0.464286 28 2 2 4 12 0.428571 28 1 12 0 1 0.035714 28 1 1 0 1 0.035714 0 0 0 0 0 0 28 2 4 4 15 0.535714 28 3 1 5 15 0.535714 28 3 2 5 15 0.535714 0 0 0 0 0 0 0 0 0 0 0 0 0 0 0 0 0 0 0 0 0 0 0 0 0 0 0 0 0 0 0 0 0 0 0 0 0 0 0 0 0 0 
28 2 1 4 13 0.464286 28 2 2 4 12 0.428571 28 1 12 0 1 0.035714 0 0 0 0 0 0 0 0 0 0 0 0 28 2 3 4 14 0.500000 0 0 0 0 0 0 0 0 0 0 0 0 0 0 0 0 0 0 0 0 0 0 0 0 0 0 0 0 0 0 0 0 0 0 0 0 0 0 0 0 0 0 0 0 0 0 0 0 0 0 0 0 0 0 
28 2 3 4 14 0.500000 28 2 1 4 13 0.464286 28 0 3 0 0 0 0 0 0 0 0 0 0 0 0 0 0 0 28 2 4 4 15 0.535714 28 3 1 5 15 0.535714 28 3 2 5 15 0.535714 0 0 0 0 0 0 0 0 0 0 0 0 0 0 0 0 0 0 0 0 0 0 0 0 0 0 0 0 0 0 0 0 0 0 0 0 0 0 0 0 0 0 
28 2 4 4 15 0.535714 28 2 3 4 14 0.500000 28 3 3 5 13 0.464286 0 0 0 0 0 0 0 0 0 0 0 0 28 2 8 10 16 0.571429 28 2 4 10 16 0.571429 28 3 1 5 16 0.571429 28 2 1 11 16 0.571429 0 0 0 0 0 0 0 0 0 0 0 0 0 0 0 0 0 0 0 0 0 0 0 0 0 0 0 0 0 0 0 0 0 0 0 0 
28 3 2 5 2 0.071429 28 1 15 0 1 0.035714 28 0 4 0 0 0 28 0 2 0 0 0 0 0 0 0 0 0 28 2 1 4 3 0.107143 28 1 1 0 3 0.107143 0 0 0 0 0 0 0 0 0 0 0 0 0 0 0 0 0 0 0 0 0 0 0 0 0 0 0 0 0 0 0 0 0 0 0 0 0 0 0 0 0 0 0 0 0 0 0 0 
28 2 1 4 3 0.107143 28 3 2 5 2 0.071429 28 1 3 0 1 0.035714 0 0 0 0 0 0 0 0 0 0 0 0 28 2 2 4 5 0.178571 0 0 0 0 0 0 0 0 0 0 0 0 0 0 0 0 0 0 0 0 0 0 0 0 0 0 0 0 0 0 0 0 0 0 0 0 0 0 0 0 0 0 0 0 0 0 0 0 0 0 0 0 0 0 
28 1 1 0 3 0.107143 28 3 2 5 2 0.071429 0 0 0 0 0 0 0 0 0 0 0 0 0 0 0 0 0 0 28 2 1 4 4 0.142857 0 0 0 0 0 0 0 0 0 0 0 0 0 0 0 0 0 0 0 0 0 0 0 0 0 0 0 0 0 0 0 0 0 0 0 0 0 0 0 0 0 0 0 0 0 0 0 0 0 0 0 0 0 0 
28 2 1 4 4 0.142857 28 1 1 0 3 0.107143 28 0 3 0 0 0 0 0 0 0 0 0 0 0 0 0 0 0 28 2 2 4 5 0.178571 0 0 0 0 0 0 0 0 0 0 0 0 0 0 0 0 0 0 0 0 0 0 0 0 0 0 0 0 0 0 0 0 0 0 0 0 0 0 0 0 0 0 0 0 0 0 0 0 0 0 0 0 0 0 
28 2 2 4 5 0.178571 28 2 1 4 4 0.142857 28 2 1 4 3 0.107143 0 0 0 0 0 0 0 0 0 0 0 0 28 1 1 0 6 0.214286 28 2 1 4 9 0.321429 0 0 0 0 0 0 0 0 0 0 0 0 0 0 0 0 0 0 0 0 0 0 0 0 0 0 0 0 0 0 0 0 0 0 0 0 0 0 0 0 0 0 0 0 0 0 0 0 
28 1 1 0 6 0.214286 28 2 2 4 5 0.178571 0 0 0 0 0 0 0 0 0 0 0 0 0 0 0 0 0 0 28 3 1 5 8 0.285714 0 0 0 0 0 0 0 0 0 0 0 0 0 0 0 0 0 0 0 0 0 0 0 0 0 0 0 0 0 0 0 0 0 0 0 0 0 0 0 0 0 0 0 0 0 0 0 0 0 0 0 0 0 0 
28 2 2 4 2 0.071429 28 1 3 0 1 0.035714 28 0 3 0 0 0 0 0 0 0 0 0 0 0 0 0 0 0 28 3 1 5 3 0.107143 28 2 3 4 3 0.107143 0 0 0 0 0 0 0 0 0 0 0 0 0 0 0 0 0 0 0 0 0 0 0 0 0 0 0 0 0 0 0 0 0 0 0 0 0 0 0 0 0 0 0 0 0 0 0 0 
28 2 2 4 2 0.071429 28 0 3 0 0 0 28 1 3 0 1 0.035714 0 0 0 0 0 0 0 0 0 0 0 0 28 3 1 5 3 0.107143 28 2 3 4 3 0.107143 0 0 0 0 0 0 0 0 0 0 0 0 0 0 0 0 0 0 0 0 0 0 0 0 0 0 0 0 0 0 0 0 0 0 0 0 0 0 0 0 0 0 0 0 0 0 0 0 
28 3 1 5 3 0.107143 28 2 2 4 2 0.071429 28 2 2 4 2 0.071429 28 1 3 0 1 0.035714 0 0 0 0 0 0 28 2 3 4 5 0.178571 0 0 0 0 0 0 0 0 0 0 0 0 0 0 0 0 0 0 0 0 0 0 0 0 0 0 0 0 0 0 0 0 0 0 0 0 0 0 0 0 0 0 0 0 0 0 0 0 0 0 0 0 0 0 
28 2 3 4 3 0.107143 28 2 2 4 2 0.071429 28 2 2 4 2 0.071429 0 0 0 0 0 0 0 0 0 0 0 0 28 2 1 4 4 0.142857 28 2 1 4 9 0.321429 28 2 1 11 9 0.321429 0 0 0 0 0 0 0 0 0 0 0 0 0 0 0 0 0 0 0 0 0 0 0 0 0 0 0 0 0 0 0 0 0 0 0 0 0 0 0 0 0 0 
28 2 1 4 4 0.142857 28 2 3 4 3 0.107143 28 0 3 0 0 0 0 0 0 0 0 0 0 0 0 0 0 0 28 2 3 4 5 0.178571 0 0 0 0 0 0 0 0 0 0 0 0 0 0 0 0 0 0 0 0 0 0 0 0 0 0 0 0 0 0 0 0 0 0 0 0 0 0 0 0 0 0 0 0 0 0 0 0 0 0 0 0 0 0 
28 2 3 4 5 0.178571 28 2 1 4 4 0.142857 28 3 1 5 3 0.107143 0 0 0 0 0 0 0 0 0 0 0 0 28 2 2 4 7 0.250000 28 1 2 0 6 0.214286 28 3 2 5 6 0.214286 0 0 0 0 0 0 0 0 0 0 0 0 0 0 0 0 0 0 0 0 0 0 0 0 0 0 0 0 0 0 0 0 0 0 0 0 0 0 0 0 0 0 
28 2 2 4 2 0.071429 28 0 4 0 0 0 28 1 3 0 1 0.035714 0 0 0 0 0 0 0 0 0 0 0 0 28 3 1 5 3 0.107143 28 2 1 4 3 0.107143 0 0 0 0 0 0 0 0 0 0 0 0 0 0 0 0 0 0 0 0 0 0 0 0 0 0 0 0 0 0 0 0 0 0 0 0 0 0 0 0 0 0 0 0 0 0 0 0 
28 2 2 4 2 0.071429 28 1 4 0 1 0.035714 28 0 3 0 0 0 0 0 0 0 0 0 0 0 0 0 0 0 28 3 1 5 3 0.107143 28 2 1 4 3 0.107143 0 0 0 0 0 0 0 0 0 0 0 0 0 0 0 0 0 0 0 0 0 0 0 0 0 0 0 0 0 0 0 0 0 0 0 0 0 0 0 0 0 0 0 0 0 0 0 0 
28 3 1 5 3 0.107143 28 2 2 4 2 0.071429 28 2 2 4 2 0.071429 28 1 4 0 1 0.035714 0 0 0 0 0 0 28 2 2 4 5 0.178571 0 0 0 0 0 0 0 0 0 0 0 0 0 0 0 0 0 0 0 0 0 0 0 0 0 0 0 0 0 0 0 0 0 0 0 0 0 0 0 0 0 0 0 0 0 0 0 0 0 0 0 0 0 0 
28 2 1 4 3 0.107143 28 2 2 4 2 0.071429 28 2 2 4 2 0.071429 0 0 0 0 0 0 0 0 0 0 0 0 28 2 1 4 4 0.142857 0 0 0 0 0 0 0 0 0 0 0 0 0 0 0 0 0 0 0 0 0 0 0 0 0 0 0 0 0 0 0 0 0 0 0 0 0 0 0 0 0 0 0 0 0 0 0 0 0 0 0 0 0 0 
28 2 1 4 4 0.142857 28 2 1 4 3 0.107143 28 0 4 0 0 0 0 0 0 0 0 0 0 0 0 0 0 0 28 2 2 4 5 0.178571 0 0 0 0 0 0 0 0 0 0 0 0 0 0 0 0 0 0 0 0 0 0 0 0 0 0 0 0 0 0 0 0 0 0 0 0 0 0 0 0 0 0 0 0 0 0 0 0 0 0 0 0 0 0 
28 2 2 4 5 0.178571 28 2 1 4 4 0.142857 28 3 1 5 3 0.107143 0 0 0 0 0 0 0 0 0 0 0 0 28 1 1 0 6 0.214286 28 2 2 4 7 0.250000 0 0 0 0 0 0 0 0 0 0 0 0 0 0 0 0 0 0 0 0 0 0 0 0 0 0 0 0 0 0 0 0 0 0 0 0 0 0 0 0 0 0 0 0 0 0 0 0 
28 1 1 0 6 0.214286 28 2 2 4 5 0.178571 0 0 0 0 0 0 0 0 0 0 0 0 0 0 0 0 0 0 28 2 2 4 7 0.250000 0 0 0 0 0 0 0 0 0 0 0 0 0 0 0 0 0 0 0 0 0 0 0 0 0 0 0 0 0 0 0 0 0 0 0 0 0 0 0 0 0 0 0 0 0 0 0 0 0 0 0 0 0 0 
28 2 2 4 7 0.250000 28 1 1 0 6 0.214286 28 2 3 4 5 0.178571 0 0 0 0 0 0 0 0 0 0 0 0 28 3 1 5 8 0.285714 28 2 1 4 8 0.285714 0 0 0 0 0 0 0 0 0 0 0 0 0 0 0 0 0 0 0 0 0 0 0 0 0 0 0 0 0 0 0 0 0 0 0 0 0 0 0 0 0 0 0 0 0 0 0 0 
28 1 2 0 6 0.214286 28 2 3 4 5 0.178571 0 0 0 0 0 0 0 0 0 0 0 0 0 0 0 0 0 0 28 2 2 4 7 0.250000 28 2 2 4 7 0.250000 0 0 0 0 0 0 0 0 0 0 0 0 0 0 0 0 0 0 0 0 0 0 0 0 0 0 0 0 0 0 0 0 0 0 0 0 0 0 0 0 0 0 0 0 0 0 0 0 
28 2 2 4 7 0.250000 28 2 2 4 5 0.178571 28 1 2 0 6 0.214286 0 0 0 0 0 0 0 0 0 0 0 0 28 3 1 5 8 0.285714 28 2 1 4 8 0.285714 0 0 0 0 0 0 0 0 0 0 0 0 0 0 0 0 0 0 0 0 0 0 0 0 0 0 0 0 0 0 0 0 0 0 0 0 0 0 0 0 0 0 0 0 0 0 0 0 
28 3 1 5 8 0.285714 28 2 2 4 7 0.250000 28 2 2 4 7 0.250000 28 1 1 0 6 0.214286 0 0 0 0 0 0 28 2 3 4 10 0.357143 0 0 0 0 0 0 0 0 0 0 0 0 0 0 0 0 0 0 0 0 0 0 0 0 0 0 0 0 0 0 0 0 0 0 0 0 0 0 0 0 0 0 0 0 0 0 0 0 0 0 0 0 0 0 
28 2 1 4 8 0.285714 28 2 2 4 7 0.250000 28 2 2 4 7 0.250000 0 0 0 0 0 0 0 0 0 0 0 0 28 2 1 4 9 0.321429 0 0 0 0 0 0 0 0 0 0 0 0 0 0 0 0 0 0 0 0 0 0 0 0 0 0 0 0 0 0 0 0 0 0 0 0 0 0 0 0 0 0 0 0 0 0 0 0 0 0 0 0 0 0 
28 2 1 4 9 0.321429 28 2 1 4 8 0.285714 28 2 2 4 5 0.178571 0 0 0 0 0 0 0 0 0 0 0 0 28 2 3 4 10 0.357143 0 0 0 0 0 0 0 0 0 0 0 0 0 0 0 0 0 0 0 0 0 0 0 0 0 0 0 0 0 0 0 0 0 0 0 0 0 0 0 0 0 0 0 0 0 0 0 0 0 0 0 0 0 0 
28 2 3 4 10 0.357143 28 2 1 4 9 0.321429 28 3 1 5 8 0.285714 0 0 0 0 0 0 0 0 0 0 0 0 28 3 1 5 11 0.392857 28 1 2 0 11 0.392857 28 2 1 4 24 0.857143 0 0 0 0 0 0 0 0 0 0 0 0 0 0 0 0 0 0 0 0 0 0 0 0 0 0 0 0 0 0 0 0 0 0 0 0 0 0 0 0 0 0 
28 2 2 4 3 0.107143 28 2 2 4 2 0.071429 28 0 2 0 0 0 0 0 0 0 0 0 0 0 0 0 0 0 28 3 1 5 11 0.392857 28 1 2 0 4 0.142857 0 0 0 0 0 0 0 0 0 0 0 0 0 0 0 0 0 0 0 0 0 0 0 0 0 0 0 0 0 0 0 0 0 0 0 0 0 0 0 0 0 0 0 0 0 0 0 0 
28 3 1 5 11 0.392857 28 2 2 4 3 0.107143 28 2 3 4 10 0.357143 28 1 12 0 1 0.035714 0 0 0 0 0 0 28 2 3 4 13 0.464286 0 0 0 0 0 0 0 0 0 0 0 0 0 0 0 0 0 0 0 0 0 0 0 0 0 0 0 0 0 0 0 0 0 0 0 0 0 0 0 0 0 0 0 0 0 0 0 0 0 0 0 0 0 0 
28 1 2 0 11 0.392857 28 2 3 4 10 0.357143 0 0 0 0 0 0 0 0 0 0 0 0 0 0 0 0 0 0 28 3 1 18 12 0.428571 28 3 1 5 23 0.821429 0 0 0 0 0 0 0 0 0 0 0 0 0 0 0 0 0 0 0 0 0 0 0 0 0 0 0 0 0 0 0 0 0 0 0 0 0 0 0 0 0 0 0 0 0 0 0 0 
28 1 2 0 4 0.142857 28 2 2 4 3 0.107143 0 0 0 0 0 0 0 0 0 0 0 0 0 0 0 0 0 0 28 3 1 18 12 0.428571 28 2 1 4 5 0.178571 0 0 0 0 0 0 0 0 0 0 0 0 0 0 0 0 0 0 0 0 0 0 0 0 0 0 0 0 0 0 0 0 0 0 0 0 0 0 0 0 0 0 0 0 0 0 0 0 
28 3 1 18 12 0.428571 28 1 2 0 11 0.392857 28 0 11 0 0 0 28 1 2 0 4 0.142857 0 0 0 0 0 0 28 2 3 4 13 0.464286 0 0 0 0 0 0 0 0 0 0 0 0 0 0 0 0 0 0 0 0 0 0 0 0 0 0 0 0 0 0 0 0 0 0 0 0 0 0 0 0 0 0 0 0 0 0 0 0 0 0 0 0 0 0 
28 2 3 4 13 0.464286 28 3 1 18 12 0.428571 28 3 1 5 11 0.392857 0 0 0 0 0 0 0 0 0 0 0 0 28 1 4 0 14 0.500000 28 3 2 5 15 0.535714 28 2 4 10 16 0.571429 0 0 0 0 0 0 0 0 0 0 0 0 0 0 0 0 0 0 0 0 0 0 0 0 0 0 0 0 0 0 0 0 0 0 0 0 0 0 0 0 0 0 
28 1 4 0 14 0.500000 28 2 3 4 13 0.464286 0 0 0 0 0 0 0 0 0 0 0 0 0 0 0 0 0 0 28 2 8 10 16 0.571429 28 3 1 5 15 0.535714 28 3 1 5 16 0.571429 28 3 1 5 15 0.535714 0 0 0 0 0 0 0 0 0 0 0 0 0 0 0 0 0 0 0 0 0 0 0 0 0 0 0 0 0 0 0 0 0 0 0 0 
28 2 8 10 16 0.571429 28 1 4 0 14 0.500000 28 2 4 4 15 0.535714 0 0 0 0 0 0 0 0 0 0 0 0 28 3 1 5 18 0.642857 28 2 1 10 18 0.642857 28 2 2 10 17 0.607143 28 3 2 5 18 0.642857 28 3 1 5 18 0.642857 28 3 1 5 17 0.607143 28 3 1 5 17 0.607143 28 1 1 0 17 0.607143 0 0 0 0 0 0 0 0 0 0 0 0 
28 1 1 0 1 0.035714 28 0 3 0 0 0 0 0 0 0 0 0 0 0 0 0 0 0 0 0 0 0 0 0 28 3 2 5 11 0.392857 0 0 0 0 0 0 0 0 0 0 0 0 0 0 0 0 0 0 0 0 0 0 0 0 0 0 0 0 0 0 0 0 0 0 0 0 0 0 0 0 0 0 0 0 0 0 0 0 0 0 0 0 0 0 
28 2 1 4 2 0.071429 28 1 3 0 1 0.035714 28 0 3 0 0 0 0 0 0 0 0 0 0 0 0 0 0 0 28 3 2 5 3 0.107143 0 0 0 0 0 0 0 0 0 0 0 0 0 0 0 0 0 0 0 0 0 0 0 0 0 0 0 0 0 0 0 0 0 0 0 0 0 0 0 0 0 0 0 0 0 0 0 0 0 0 0 0 0 0 
28 3 2 5 3 0.107143 28 2 1 4 2 0.071429 28 1 15 0 1 0.035714 28 0 4 0 0 0 0 0 0 0 0 0 28 3 2 5 4 0.142857 28 2 1 4 4 0.142857 0 0 0 0 0 0 0 0 0 0 0 0 0 0 0 0 0 0 0 0 0 0 0 0 0 0 0 0 0 0 0 0 0 0 0 0 0 0 0 0 0 0 0 0 0 0 0 0 
28 1 1 0 1 0.035714 28 0 3 0 0 0 0 0 0 0 0 0 0 0 0 0 0 0 0 0 0 0 0 0 28 3 2 18 3 0.107143 0 0 0 0 0 0 0 0 0 0 0 0 0 0 0 0 0 0 0 0 0 0 0 0 0 0 0 0 0 0 0 0 0 0 0 0 0 0 0 0 0 0 0 0 0 0 0 0 0 0 0 0 0 0 
28 2 1 4 2 0.071429 28 1 15 0 1 0.035714 28 1 3 0 1 0.035714 0 0 0 0 0 0 0 0 0 0 0 0 28 3 2 18 3 0.107143 0 0 0 0 0 0 0 0 0 0 0 0 0 0 0 0 0 0 0 0 0 0 0 0 0 0 0 0 0 0 0 0 0 0 0 0 0 0 0 0 0 0 0 0 0 0 0 0 0 0 0 0 0 0 
28 3 2 18 3 0.107143 28 2 1 4 2 0.071429 28 1 1 0 1 0.035714 28 1 4 0 1 0.035714 0 0 0 0 0 0 28 3 2 5 4 0.142857 28 2 1 4 4 0.142857 0 0 0 0 0 0 0 0 0 0 0 0 0 0 0 0 0 0 0 0 0 0 0 0 0 0 0 0 0 0 0 0 0 0 0 0 0 0 0 0 0 0 0 0 0 0 0 0 
28 3 2 5 4 0.142857 28 3 2 18 3 0.107143 28 3 2 5 3 0.107143 28 1 3 0 1 0.035714 0 0 0 0 0 0 28 2 1 4 6 0.214286 28 3 2 5 6 0.214286 0 0 0 0 0 0 0 0 0 0 0 0 0 0 0 0 0 0 0 0 0 0 0 0 0 0 0 0 0 0 0 0 0 0 0 0 0 0 0 0 0 0 0 0 0 0 0 0 
28 2 1 4 4 0.142857 28 3 2 18 3 0.107143 28 3 2 5 3 0.107143 0 0 0 0 0 0 0 0 0 0 0 0 28 2 2 4 5 0.178571 0 0 0 0 0 0 0 0 0 0 0 0 0 0 0 0 0 0 0 0 0 0 0 0 0 0 0 0 0 0 0 0 0 0 0 0 0 0 0 0 0 0 0 0 0 0 0 0 0 0 0 0 0 0 
28 2 2 4 5 0.178571 28 2 1 4 4 0.142857 28 0 3 0 0 0 0 0 0 0 0 0 0 0 0 0 0 0 28 2 1 4 6 0.214286 28 3 2 5 6 0.214286 0 0 0 0 0 0 0 0 0 0 0 0 0 0 0 0 0 0 0 0 0 0 0 0 0 0 0 0 0 0 0 0 0 0 0 0 0 0 0 0 0 0 0 0 0 0 0 0 
28 2 1 4 6 0.214286 28 2 2 4 5 0.178571 28 3 2 5 4 0.142857 0 0 0 0 0 0 0 0 0 0 0 0 28 2 2 4 7 0.250000 0 0 0 0 0 0 0 0 0 0 0 0 0 0 0 0 0 0 0 0 0 0 0 0 0 0 0 0 0 0 0 0 0 0 0 0 0 0 0 0 0 0 0 0 0 0 0 0 0 0 0 0 0 0 
28 2 2 4 7 0.250000 28 2 1 4 6 0.214286 28 1 2 0 6 0.214286 0 0 0 0 0 0 0 0 0 0 0 0 28 3 1 5 8 0.285714 28 2 1 4 8 0.285714 0 0 0 0 0 0 0 0 0 0 0 0 0 0 0 0 0 0 0 0 0 0 0 0 0 0 0 0 0 0 0 0 0 0 0 0 0 0 0 0 0 0 0 0 0 0 0 0 
28 3 2 5 6 0.214286 28 2 2 4 5 0.178571 28 3 2 5 4 0.142857 28 2 3 4 5 0.178571 0 0 0 0 0 0 28 3 1 5 8 0.285714 28 2 1 4 8 0.285714 0 0 0 0 0 0 0 0 0 0 0 0 0 0 0 0 0 0 0 0 0 0 0 0 0 0 0 0 0 0 0 0 0 0 0 0 0 0 0 0 0 0 0 0 0 0 0 0 
28 2 2 4 2 0.071429 28 0 4 0 0 0 28 1 3 0 1 0.035714 0 0 0 0 0 0 0 0 0 0 0 0 28 3 1 5 3 0.107143 28 2 1 4 3 0.107143 0 0 0 0 0 0 0 0 0 0 0 0 0 0 0 0 0 0 0 0 0 0 0 0 0 0 0 0 0 0 0 0 0 0 0 0 0 0 0 0 0 0 0 0 0 0 0 0 
28 2 2 4 2 0.071429 28 1 4 0 1 0.035714 28 0 3 0 0 0 0 0 0 0 0 0 0 0 0 0 0 0 28 3 1 5 3 0.107143 28 2 1 4 3 0.107143 0 0 0 0 0 0 0 0 0 0 0 0 0 0 0 0 0 0 0 0 0 0 0 0 0 0 0 0 0 0 0 0 0 0 0 0 0 0 0 0 0 0 0 0 0 0 0 0 
28 3 1 5 3 0.107143 28 2 2 4 2 0.071429 28 2 2 4 2 0.071429 28 1 3 0 1 0.035714 0 0 0 0 0 0 28 2 2 4 5 0.178571 0 0 0 0 0 0 0 0 0 0 0 0 0 0 0 0 0 0 0 0 0 0 0 0 0 0 0 0 0 0 0 0 0 0 0 0 0 0 0 0 0 0 0 0 0 0 0 0 0 0 0 0 0 0 
28 2 1 4 3 0.107143 28 2 2 4 2 0.071429 28 2 2 4 2 0.071429 0 0 0 0 0 0 0 0 0 0 0 0 28 2 1 4 4 0.142857 0 0 0 0 0 0 0 0 0 0 0 0 0 0 0 0 0 0 0 0 0 0 0 0 0 0 0 0 0 0 0 0 0 0 0 0 0 0 0 0 0 0 0 0 0 0 0 0 0 0 0 0 0 0 
28 2 1 4 4 0.142857 28 2 1 4 3 0.107143 28 0 3 0 0 0 0 0 0 0 0 0 0 0 0 0 0 0 28 2 2 4 5 0.178571 0 0 0 0 0 0 0 0 0 0 0 0 0 0 0 0 0 0 0 0 0 0 0 0 0 0 0 0 0 0 0 0 0 0 0 0 0 0 0 0 0 0 0 0 0 0 0 0 0 0 0 0 0 0 
28 2 2 4 5 0.178571 28 2 1 4 4 0.142857 28 3 1 5 3 0.107143 0 0 0 0 0 0 0 0 0 0 0 0 28 3 1 5 8 0.285714 28 1 1 0 6 0.214286 0 0 0 0 0 0 0 0 0 0 0 0 0 0 0 0 0 0 0 0 0 0 0 0 0 0 0 0 0 0 0 0 0 0 0 0 0 0 0 0 0 0 0 0 0 0 0 0 
28 3 1 5 8 0.285714 28 2 2 4 5 0.178571 28 3 2 5 6 0.214286 28 2 2 4 7 0.250000 0 0 0 0 0 0 28 2 3 4 10 0.357143 0 0 0 0 0 0 0 0 0 0 0 0 0 0 0 0 0 0 0 0 0 0 0 0 0 0 0 0 0 0 0 0 0 0 0 0 0 0 0 0 0 0 0 0 0 0 0 0 0 0 0 0 0 0 
28 1 1 0 6 0.214286 28 2 2 4 5 0.178571 0 0 0 0 0 0 0 0 0 0 0 0 0 0 0 0 0 0 28 2 1 4 9 0.321429 0 0 0 0 0 0 0 0 0 0 0 0 0 0 0 0 0 0 0 0 0 0 0 0 0 0 0 0 0 0 0 0 0 0 0 0 0 0 0 0 0 0 0 0 0 0 0 0 0 0 0 0 0 0 
28 2 1 4 8 0.285714 28 3 2 5 6 0.214286 28 2 2 4 7 0.250000 0 0 0 0 0 0 0 0 0 0 0 0 28 2 1 4 9 0.321429 0 0 0 0 0 0 0 0 0 0 0 0 0 0 0 0 0 0 0 0 0 0 0 0 0 0 0 0 0 0 0 0 0 0 0 0 0 0 0 0 0 0 0 0 0 0 0 0 0 0 0 0 0 0 
28 2 1 4 9 0.321429 28 2 1 4 8 0.285714 28 1 1 0 6 0.214286 0 0 0 0 0 0 0 0 0 0 0 0 28 2 3 4 10 0.357143 0 0 0 0 0 0 0 0 0 0 0 0 0 0 0 0 0 0 0 0 0 0 0 0 0 0 0 0 0 0 0 0 0 0 0 0 0 0 0 0 0 0 0 0 0 0 0 0 0 0 0 0 0 0 
28 2 3 4 10 0.357143 28 2 1 4 9 0.321429 28 3 1 5 8 0.285714 0 0 0 0 0 0 0 0 0 0 0 0 28 3 2 5 11 0.392857 28 2 1 4 11 0.392857 28 2 1 10 11 0.392857 0 0 0 0 0 0 0 0 0 0 0 0 0 0 0 0 0 0 0 0 0 0 0 0 0 0 0 0 0 0 0 0 0 0 0 0 0 0 0 0 0 0 
28 3 2 5 11 0.392857 28 2 3 4 10 0.357143 28 1 12 0 1 0.035714 28 1 1 0 1 0.035714 0 0 0 0 0 0 28 2 7 10 13 0.464286 28 2 4 4 13 0.464286 0 0 0 0 0 0 0 0 0 0 0 0 0 0 0 0 0 0 0 0 0 0 0 0 0 0 0 0 0 0 0 0 0 0 0 0 0 0 0 0 0 0 0 0 0 0 0 0 
28 2 1 4 11 0.392857 28 2 3 4 10 0.357143 28 1 12 0 1 0.035714 0 0 0 0 0 0 0 0 0 0 0 0 28 2 2 4 12 0.428571 0 0 0 0 0 0 0 0 0 0 0 0 0 0 0 0 0 0 0 0 0 0 0 0 0 0 0 0 0 0 0 0 0 0 0 0 0 0 0 0 0 0 0 0 0 0 0 0 0 0 0 0 0 0 
28 2 2 4 12 0.428571 28 2 1 4 11 0.392857 28 0 3 0 0 0 0 0 0 0 0 0 0 0 0 0 0 0 28 2 7 10 13 0.464286 28 2 4 4 13 0.464286 0 0 0 0 0 0 0 0 0 0 0 0 0 0 0 0 0 0 0 0 0 0 0 0 0 0 0 0 0 0 0 0 0 0 0 0 0 0 0 0 0 0 0 0 0 0 0 0 
28 2 7 10 13 0.464286 28 2 2 4 12 0.428571 28 3 2 5 11 0.392857 0 0 0 0 0 0 0 0 0 0 0 0 28 3 1 5 15 0.535714 28 3 1 5 14 0.500000 28 3 1 5 14 0.500000 28 2 4 10 15 0.535714 28 3 1 5 17 0.607143 28 3 1 5 14 0.500000 28 3 1 5 14 0.500000 0 0 0 0 0 0 0 0 0 0 0 0 0 0 0 0 0 0 
28 1 1 0 1 0.035714 28 0 3 0 0 0 0 0 0 0 0 0 0 0 0 0 0 0 0 0 0 0 0 0 28 3 1 5 11 0.392857 0 0 0 0 0 0 0 0 0 0 0 0 0 0 0 0 0 0 0 0 0 0 0 0 0 0 0 0 0 0 0 0 0 0 0 0 0 0 0 0 0 0 0 0 0 0 0 0 0 0 0 0 0 0 
28 3 2 5 2 0.071429 28 1 15 0 1 0.035714 28 0 4 0 0 0 28 0 2 0 0 0 0 0 0 0 0 0 28 1 1 0 3 0.107143 28 2 1 4 9 0.321429 0 0 0 0 0 0 0 0 0 0 0 0 0 0 0 0 0 0 0 0 0 0 0 0 0 0 0 0 0 0 0 0 0 0 0 0 0 0 0 0 0 0 0 0 0 0 0 0 
28 1 1 0 3 0.107143 28 3 2 5 2 0.071429 0 0 0 0 0 0 0 0 0 0 0 0 0 0 0 0 0 0 28 3 1 5 8 0.285714 0 0 0 0 0 0 0 0 0 0 0 0 0 0 0 0 0 0 0 0 0 0 0 0 0 0 0 0 0 0 0 0 0 0 0 0 0 0 0 0 0 0 0 0 0 0 0 0 0 0 0 0 0 0 
28 2 2 4 2 0.071429 28 0 4 0 0 0 28 1 4 0 1 0.035714 0 0 0 0 0 0 0 0 0 0 0 0 28 3 1 5 3 0.107143 28 2 1 4 3 0.107143 0 0 0 0 0 0 0 0 0 0 0 0 0 0 0 0 0 0 0 0 0 0 0 0 0 0 0 0 0 0 0 0 0 0 0 0 0 0 0 0 0 0 0 0 0 0 0 0 
28 2 2 4 2 0.071429 28 1 4 0 1 0.035714 28 0 4 0 0 0 0 0 0 0 0 0 0 0 0 0 0 0 28 3 1 5 3 0.107143 28 2 1 4 3 0.107143 0 0 0 0 0 0 0 0 0 0 0 0 0 0 0 0 0 0 0 0 0 0 0 0 0 0 0 0 0 0 0 0 0 0 0 0 0 0 0 0 0 0 0 0 0 0 0 0 
28 3 1 5 3 0.107143 28 2 2 4 2 0.071429 28 2 2 4 2 0.071429 28 1 3 0 1 0.035714 0 0 0 0 0 0 28 2 2 4 5 0.178571 0 0 0 0 0 0 0 0 0 0 0 0 0 0 0 0 0 0 0 0 0 0 0 0 0 0 0 0 0 0 0 0 0 0 0 0 0 0 0 0 0 0 0 0 0 0 0 0 0 0 0 0 0 0 
28 2 1 4 3 0.107143 28 2 2 4 2 0.071429 28 2 2 4 2 0.071429 0 0 0 0 0 0 0 0 0 0 0 0 28 2 1 4 4 0.142857 0 0 0 0 0 0 0 0 0 0 0 0 0 0 0 0 0 0 0 0 0 0 0 0 0 0 0 0 0 0 0 0 0 0 0 0 0 0 0 0 0 0 0 0 0 0 0 0 0 0 0 0 0 0 
28 2 1 4 4 0.142857 28 2 1 4 3 0.107143 28 0 3 0 0 0 0 0 0 0 0 0 0 0 0 0 0 0 28 2 2 4 5 0.178571 0 0 0 0 0 0 0 0 0 0 0 0 0 0 0 0 0 0 0 0 0 0 0 0 0 0 0 0 0 0 0 0 0 0 0 0 0 0 0 0 0 0 0 0 0 0 0 0 0 0 0 0 0 0 
28 2 2 4 5 0.178571 28 2 1 4 4 0.142857 28 3 1 5 3 0.107143 0 0 0 0 0 0 0 0 0 0 0 0 28 2 2 4 7 0.250000 28 1 1 0 6 0.214286 0 0 0 0 0 0 0 0 0 0 0 0 0 0 0 0 0 0 0 0 0 0 0 0 0 0 0 0 0 0 0 0 0 0 0 0 0 0 0 0 0 0 0 0 0 0 0 0 
28 2 2 4 2 0.071429 28 0 4 0 0 0 28 1 3 0 1 0.035714 0 0 0 0 0 0 0 0 0 0 0 0 28 2 1 4 3 0.107143 28 3 1 5 3 0.107143 0 0 0 0 0 0 0 0 0 0 0 0 0 0 0 0 0 0 0 0 0 0 0 0 0 0 0 0 0 0 0 0 0 0 0 0 0 0 0 0 0 0 0 0 0 0 0 0 
28 2 2 4 2 0.071429 28 1 4 0 1 0.035714 28 0 3 0 0 0 0 0 0 0 0 0 0 0 0 0 0 0 28 2 1 4 3 0.107143 28 3 1 5 3 0.107143 0 0 0 0 0 0 0 0 0 0 0 0 0 0 0 0 0 0 0 0 0 0 0 0 0 0 0 0 0 0 0 0 0 0 0 0 0 0 0 0 0 0 0 0 0 0 0 0 
28 2 1 4 3 0.107143 28 2 2 4 2 0.071429 28 2 2 4 2 0.071429 0 0 0 0 0 0 0 0 0 0 0 0 28 2 1 4 4 0.142857 0 0 0 0 0 0 0 0 0 0 0 0 0 0 0 0 0 0 0 0 0 0 0 0 0 0 0 0 0 0 0 0 0 0 0 0 0 0 0 0 0 0 0 0 0 0 0 0 0 0 0 0 0 0 
28 2 1 4 4 0.142857 28 2 1 4 3 0.107143 28 0 3 0 0 0 0 0 0 0 0 0 0 0 0 0 0 0 28 2 2 4 5 0.178571 0 0 0 0 0 0 0 0 0 0 0 0 0 0 0 0 0 0 0 0 0 0 0 0 0 0 0 0 0 0 0 0 0 0 0 0 0 0 0 0 0 0 0 0 0 0 0 0 0 0 0 0 0 0 
28 3 1 5 3 0.107143 28 2 2 4 2 0.071429 28 2 2 4 2 0.071429 28 1 3 0 1 0.035714 0 0 0 0 0 0 28 2 2 4 5 0.178571 0 0 0 0 0 0 0 0 0 0 0 0 0 0 0 0 0 0 0 0 0 0 0 0 0 0 0 0 0 0 0 0 0 0 0 0 0 0 0 0 0 0 0 0 0 0 0 0 0 0 0 0 0 0 
28 2 2 4 5 0.178571 28 3 1 5 3 0.107143 28 2 1 4 4 0.142857 0 0 0 0 0 0 0 0 0 0 0 0 28 1 1 0 6 0.214286 28 2 2 4 7 0.250000 0 0 0 0 0 0 0 0 0 0 0 0 0 0 0 0 0 0 0 0 0 0 0 0 0 0 0 0 0 0 0 0 0 0 0 0 0 0 0 0 0 0 0 0 0 0 0 0 
28 1 1 0 6 0.214286 28 2 2 4 5 0.178571 0 0 0 0 0 0 0 0 0 0 0 0 0 0 0 0 0 0 28 2 2 4 7 0.250000 0 0 0 0 0 0 0 0 0 0 0 0 0 0 0 0 0 0 0 0 0 0 0 0 0 0 0 0 0 0 0 0 0 0 0 0 0 0 0 0 0 0 0 0 0 0 0 0 0 0 0 0 0 0 
28 2 2 4 7 0.250000 28 1 1 0 6 0.214286 28 2 2 4 5 0.178571 0 0 0 0 0 0 0 0 0 0 0 0 28 3 1 5 8 0.285714 28 2 1 4 8 0.285714 0 0 0 0 0 0 0 0 0 0 0 0 0 0 0 0 0 0 0 0 0 0 0 0 0 0 0 0 0 0 0 0 0 0 0 0 0 0 0 0 0 0 0 0 0 0 0 0 
28 1 1 0 6 0.214286 28 2 2 4 5 0.178571 0 0 0 0 0 0 0 0 0 0 0 0 0 0 0 0 0 0 28 2 2 4 7 0.250000 0 0 0 0 0 0 0 0 0 0 0 0 0 0 0 0 0 0 0 0 0 0 0 0 0 0 0 0 0 0 0 0 0 0 0 0 0 0 0 0 0 0 0 0 0 0 0 0 0 0 0 0 0 0 
28 2 2 4 7 0.250000 28 2 2 4 5 0.178571 28 1 1 0 6 0.214286 0 0 0 0 0 0 0 0 0 0 0 0 28 3 1 5 8 0.285714 28 2 1 4 8 0.285714 0 0 0 0 0 0 0 0 0 0 0 0 0 0 0 0 0 0 0 0 0 0 0 0 0 0 0 0 0 0 0 0 0 0 0 0 0 0 0 0 0 0 0 0 0 0 0 0 
28 3 1 5 8 0.285714 28 2 2 4 7 0.250000 28 2 2 4 7 0.250000 28 1 1 0 3 0.107143 0 0 0 0 0 0 28 2 4 4 10 0.357143 0 0 0 0 0 0 0 0 0 0 0 0 0 0 0 0 0 0 0 0 0 0 0 0 0 0 0 0 0 0 0 0 0 0 0 0 0 0 0 0 0 0 0 0 0 0 0 0 0 0 0 0 0 0 
28 2 1 4 8 0.285714 28 2 2 4 7 0.250000 28 2 2 4 7 0.250000 0 0 0 0 0 0 0 0 0 0 0 0 28 2 1 4 9 0.321429 0 0 0 0 0 0 0 0 0 0 0 0 0 0 0 0 0 0 0 0 0 0 0 0 0 0 0 0 0 0 0 0 0 0 0 0 0 0 0 0 0 0 0 0 0 0 0 0 0 0 0 0 0 0 
28 2 1 4 9 0.321429 28 2 1 4 8 0.285714 28 3 2 5 2 0.071429 0 0 0 0 0 0 0 0 0 0 0 0 28 2 4 4 10 0.357143 0 0 0 0 0 0 0 0 0 0 0 0 0 0 0 0 0 0 0 0 0 0 0 0 0 0 0 0 0 0 0 0 0 0 0 0 0 0 0 0 0 0 0 0 0 0 0 0 0 0 0 0 0 0 
28 2 4 4 10 0.357143 28 2 1 4 9 0.321429 28 3 1 5 8 0.285714 0 0 0 0 0 0 0 0 0 0 0 0 28 3 1 5 11 0.392857 28 2 1 4 11 0.392857 28 1 1 0 11 0.392857 28 2 1 4 24 0.857143 0 0 0 0 0 0 0 0 0 0 0 0 0 0 0 0 0 0 0 0 0 0 0 0 0 0 0 0 0 0 0 0 0 0 0 0 
28 3 1 5 11 0.392857 28 2 4 4 10 0.357143 28 1 12 0 1 0.035714 28 1 1 0 1 0.035714 0 0 0 0 0 0 28 2 7 4 13 0.464286 0 0 0 0 0 0 0 0 0 0 0 0 0 0 0 0 0 0 0 0 0 0 0 0 0 0 0 0 0 0 0 0 0 0 0 0 0 0 0 0 0 0 0 0 0 0 0 0 0 0 0 0 0 0 
28 2 1 4 11 0.392857 28 2 4 4 10 0.357143 28 1 12 0 1 0.035714 0 0 0 0 0 0 0 0 0 0 0 0 28 2 1 4 12 0.428571 0 0 0 0 0 0 0 0 0 0 0 0 0 0 0 0 0 0 0 0 0 0 0 0 0 0 0 0 0 0 0 0 0 0 0 0 0 0 0 0 0 0 0 0 0 0 0 0 0 0 0 0 0 0 
28 2 1 4 12 0.428571 28 2 1 4 11 0.392857 28 0 3 0 0 0 0 0 0 0 0 0 0 0 0 0 0 0 28 2 7 4 13 0.464286 0 0 0 0 0 0 0 0 0 0 0 0 0 0 0 0 0 0 0 0 0 0 0 0 0 0 0 0 0 0 0 0 0 0 0 0 0 0 0 0 0 0 0 0 0 0 0 0 0 0 0 0 0 0 
28 2 7 4 13 0.464286 28 2 1 4 12 0.428571 28 3 1 5 11 0.392857 0 0 0 0 0 0 0 0 0 0 0 0 28 1 5 0 14 0.500000 28 3 1 5 14 0.500000 28 3 1 5 14 0.500000 28 3 1 5 16 0.571429 28 2 1 10 14 0.500000 28 3 1 5 14 0.500000 28 3 1 5 14 0.500000 0 0 0 0 0 0 0 0 0 0 0 0 0 0 0 0 0 0 
28 1 5 0 14 0.500000 28 2 7 4 13 0.464286 0 0 0 0 0 0 0 0 0 0 0 0 0 0 0 0 0 0 28 3 1 5 15 0.535714 28 2 2 10 15 0.535714 28 3 1 5 15 0.535714 28 2 4 10 15 0.535714 28 3 1 5 15 0.535714 0 0 0 0 0 0 0 0 0 0 0 0 0 0 0 0 0 0 0 0 0 0 0 0 0 0 0 0 0 0 
28 2 3 4 1 0.035714 28 0 4 0 0 0 28 0 4 0 0 0 0 0 0 0 0 0 0 0 0 0 0 0 28 3 4 5 2 0.071429 28 2 1 4 2 0.071429 28 2 1 4 2 0.071429 0 0 0 0 0 0 0 0 0 0 0 0 0 0 0 0 0 0 0 0 0 0 0 0 0 0 0 0 0 0 0 0 0 0 0 0 0 0 0 0 0 0 
28 3 4 5 2 0.071429 28 2 3 4 1 0.035714 28 1 15 0 1 0.035714 28 0 3 0 0 0 0 0 0 0 0 0 28 3 5 18 3 0.107143 28 3 5 18 3 0.107143 28 1 3 0 3 0.107143 28 2 1 7 4 0.142857 0 0 0 0 0 0 0 0 0 0 0 0 0 0 0 0 0 0 0 0 0 0 0 0 0 0 0 0 0 0 0 0 0 0 0 0 
28 2 2 4 1 0.035714 28 0 7 0 0 0 28 0 11 0 0 0 0 0 0 0 0 0 0 0 0 0 0 0 28 3 5 18 3 0.107143 28 3 5 18 3 0.107143 0 0 0 0 0 0 0 0 0 0 0 0 0 0 0 0 0 0 0 0 0 0 0 0 0 0 0 0 0 0 0 0 0 0 0 0 0 0 0 0 0 0 0 0 0 0 0 0 
28 1 1 0 1 0.035714 28 0 3 0 0 0 0 0 0 0 0 0 0 0 0 0 0 0 0 0 0 0 0 0 28 2 1 4 2 0.071429 0 0 0 0 0 0 0 0 0 0 0 0 0 0 0 0 0 0 0 0 0 0 0 0 0 0 0 0 0 0 0 0 0 0 0 0 0 0 0 0 0 0 0 0 0 0 0 0 0 0 0 0 0 0 
28 2 1 4 2 0.071429 28 2 3 4 1 0.035714 28 1 1 0 1 0.035714 0 0 0 0 0 0 0 0 0 0 0 0 28 3 5 18 3 0.107143 0 0 0 0 0 0 0 0 0 0 0 0 0 0 0 0 0 0 0 0 0 0 0 0 0 0 0 0 0 0 0 0 0 0 0 0 0 0 0 0 0 0 0 0 0 0 0 0 0 0 0 0 0 0 
28 3 5 18 3 0.107143 28 2 1 4 2 0.071429 28 2 2 4 1 0.035714 28 3 4 5 2 0.071429 0 0 0 0 0 0 28 3 1 5 15 0.535714 28 2 1 4 16 0.571429 28 3 1 5 14 0.500000 28 2 1 10 14 0.500000 28 3 1 5 17 0.607143 0 0 0 0 0 0 0 0 0 0 0 0 0 0 0 0 0 0 0 0 0 0 0 0 0 0 0 0 0 0 
28 3 1 5 15 0.535714 28 3 5 18 3 0.107143 28 1 5 0 14 0.500000 28 2 7 10 13 0.464286 0 0 0 0 0 0 28 1 3 0 16 0.571429 0 0 0 0 0 0 0 0 0 0 0 0 0 0 0 0 0 0 0 0 0 0 0 0 0 0 0 0 0 0 0 0 0 0 0 0 0 0 0 0 0 0 0 0 0 0 0 0 0 0 0 0 0 0 
28 1 3 0 16 0.571429 28 3 1 5 15 0.535714 0 0 0 0 0 0 0 0 0 0 0 0 0 0 0 0 0 0 28 3 1 5 18 0.642857 28 3 2 5 18 0.642857 28 2 2 10 17 0.607143 0 0 0 0 0 0 0 0 0 0 0 0 0 0 0 0 0 0 0 0 0 0 0 0 0 0 0 0 0 0 0 0 0 0 0 0 0 0 0 0 0 0 
28 3 1 5 18 0.642857 28 1 3 0 16 0.571429 28 2 8 10 16 0.571429 28 2 7 10 17 0.607143 0 0 0 0 0 0 28 2 1 12 19 0.678571 0 0 0 0 0 0 0 0 0 0 0 0 0 0 0 0 0 0 0 0 0 0 0 0 0 0 0 0 0 0 0 0 0 0 0 0 0 0 0 0 0 0 0 0 0 0 0 0 0 0 0 0 0 0 
28 2 1 12 19 0.678571 28 3 1 5 18 0.642857 28 1 4 0 1 0.035714 0 0 0 0 0 0 0 0 0 0 0 0 28 1 0 0 0 0 0 0 0 0 0 0 0 0 0 0 0 0 0 0 0 0 0 0 0 0 0 0 0 0 0 0 0 0 0 0 0 0 0 0 0 0 0 0 0 0 0 0 0 0 0 0 0 0 0 0 0 0 0 0 
28 2 4 4 13 0.464286 28 2 2 4 12 0.428571 28 3 2 5 11 0.392857 0 0 0 0 0 0 0 0 0 0 0 0 28 2 2 10 15 0.535714 28 2 1 10 14 0.500000 28 3 1 5 15 0.535714 28 2 1 10 15 0.535714 0 0 0 0 0 0 0 0 0 0 0 0 0 0 0 0 0 0 0 0 0 0 0 0 0 0 0 0 0 0 0 0 0 0 0 0 
28 2 2 10 15 0.535714 28 1 5 0 14 0.500000 28 2 4 4 13 0.464286 0 0 0 0 0 0 0 0 0 0 0 0 28 2 1 4 16 0.571429 28 3 1 5 19 0.678571 0 0 0 0 0 0 0 0 0 0 0 0 0 0 0 0 0 0 0 0 0 0 0 0 0 0 0 0 0 0 0 0 0 0 0 0 0 0 0 0 0 0 0 0 0 0 0 0 
28 2 1 4 16 0.571429 28 2 2 10 15 0.535714 28 3 5 18 3 0.107143 0 0 0 0 0 0 0 0 0 0 0 0 28 1 2 0 17 0.607143 0 0 0 0 0 0 0 0 0 0 0 0 0 0 0 0 0 0 0 0 0 0 0 0 0 0 0 0 0 0 0 0 0 0 0 0 0 0 0 0 0 0 0 0 0 0 0 0 0 0 0 0 0 0 
28 1 2 0 17 0.607143 28 2 1 4 16 0.571429 0 0 0 0 0 0 0 0 0 0 0 0 0 0 0 0 0 0 28 3 2 5 18 0.642857 28 2 1 10 18 0.642857 0 0 0 0 0 0 0 0 0 0 0 0 0 0 0 0 0 0 0 0 0 0 0 0 0 0 0 0 0 0 0 0 0 0 0 0 0 0 0 0 0 0 0 0 0 0 0 0 
28 3 1 5 15 0.535714 28 1 4 0 14 0.500000 28 2 3 4 14 0.500000 28 3 3 5 13 0.464286 0 0 0 0 0 0 28 1 7 0 16 0.571429 0 0 0 0 0 0 0 0 0 0 0 0 0 0 0 0 0 0 0 0 0 0 0 0 0 0 0 0 0 0 0 0 0 0 0 0 0 0 0 0 0 0 0 0 0 0 0 0 0 0 0 0 0 0 
28 1 7 0 16 0.571429 28 3 1 5 15 0.535714 0 0 0 0 0 0 0 0 0 0 0 0 0 0 0 0 0 0 28 3 2 5 18 0.642857 28 3 2 5 18 0.642857 28 2 1 10 17 0.607143 28 3 2 5 17 0.607143 28 3 1 5 18 0.642857 28 3 1 5 18 0.642857 28 3 1 5 18 0.642857 0 0 0 0 0 0 0 0 0 0 0 0 0 0 0 0 0 0 
28 3 2 5 18 0.642857 28 1 7 0 16 0.571429 28 1 2 0 17 0.607143 28 2 7 10 17 0.607143 0 0 0 0 0 0 28 2 1 12 19 0.678571 28 2 1 4 19 0.678571 0 0 0 0 0 0 0 0 0 0 0 0 0 0 0 0 0 0 0 0 0 0 0 0 0 0 0 0 0 0 0 0 0 0 0 0 0 0 0 0 0 0 0 0 0 0 0 0 
28 2 1 12 19 0.678571 28 3 2 5 18 0.642857 28 1 3 0 1 0.035714 0 0 0 0 0 0 0 0 0 0 0 0 28 1 0 0 0 0 0 0 0 0 0 0 0 0 0 0 0 0 0 0 0 0 0 0 0 0 0 0 0 0 0 0 0 0 0 0 0 0 0 0 0 0 0 0 0 0 0 0 0 0 0 0 0 0 0 0 0 0 0 0 
28 3 1 5 14 0.500000 28 3 5 18 3 0.107143 28 2 7 4 13 0.464286 28 2 7 10 13 0.464286 0 0 0 0 0 0 28 1 2 0 15 0.535714 0 0 0 0 0 0 0 0 0 0 0 0 0 0 0 0 0 0 0 0 0 0 0 0 0 0 0 0 0 0 0 0 0 0 0 0 0 0 0 0 0 0 0 0 0 0 0 0 0 0 0 0 0 0 
28 1 2 0 15 0.535714 28 3 1 5 14 0.500000 0 0 0 0 0 0 0 0 0 0 0 0 0 0 0 0 0 0 28 3 2 5 18 0.642857 28 2 2 10 17 0.607143 0 0 0 0 0 0 0 0 0 0 0 0 0 0 0 0 0 0 0 0 0 0 0 0 0 0 0 0 0 0 0 0 0 0 0 0 0 0 0 0 0 0 0 0 0 0 0 0 
28 3 2 5 18 0.642857 28 1 2 0 15 0.535714 28 1 7 0 16 0.571429 28 2 7 10 17 0.607143 0 0 0 0 0 0 28 2 1 12 19 0.678571 28 2 1 4 19 0.678571 0 0 0 0 0 0 0 0 0 0 0 0 0 0 0 0 0 0 0 0 0 0 0 0 0 0 0 0 0 0 0 0 0 0 0 0 0 0 0 0 0 0 0 0 0 0 0 0 
28 2 1 12 19 0.678571 28 3 2 5 18 0.642857 28 1 3 0 1 0.035714 0 0 0 0 0 0 0 0 0 0 0 0 28 1 0 0 0 0 0 0 0 0 0 0 0 0 0 0 0 0 0 0 0 0 0 0 0 0 0 0 0 0 0 0 0 0 0 0 0 0 0 0 0 0 0 0 0 0 0 0 0 0 0 0 0 0 0 0 0 0 0 0 
28 3 2 5 15 0.535714 28 2 3 4 13 0.464286 28 2 3 4 14 0.500000 28 3 3 5 13 0.464286 0 0 0 0 0 0 28 1 3 0 16 0.571429 28 2 1 11 19 0.678571 0 0 0 0 0 0 0 0 0 0 0 0 0 0 0 0 0 0 0 0 0 0 0 0 0 0 0 0 0 0 0 0 0 0 0 0 0 0 0 0 0 0 0 0 0 0 0 0 
28 1 3 0 16 0.571429 28 3 2 5 15 0.535714 0 0 0 0 0 0 0 0 0 0 0 0 0 0 0 0 0 0 28 3 2 5 18 0.642857 28 2 1 10 17 0.607143 28 3 2 5 18 0.642857 0 0 0 0 0 0 0 0 0 0 0 0 0 0 0 0 0 0 0 0 0 0 0 0 0 0 0 0 0 0 0 0 0 0 0 0 0 0 0 0 0 0 
28 3 2 5 18 0.642857 28 1 3 0 16 0.571429 28 1 3 0 16 0.571429 28 2 7 10 17 0.607143 0 0 0 0 0 0 28 2 1 12 19 0.678571 28 3 1 5 20 0.714286 0 0 0 0 0 0 0 0 0 0 0 0 0 0 0 0 0 0 0 0 0 0 0 0 0 0 0 0 0 0 0 0 0 0 0 0 0 0 0 0 0 0 0 0 0 0 0 0 
28 2 1 12 19 0.678571 28 3 2 5 18 0.642857 28 1 4 0 1 0.035714 0 0 0 0 0 0 0 0 0 0 0 0 28 1 0 0 0 0 0 0 0 0 0 0 0 0 0 0 0 0 0 0 0 0 0 0 0 0 0 0 0 0 0 0 0 0 0 0 0 0 0 0 0 0 0 0 0 0 0 0 0 0 0 0 0 0 0 0 0 0 0 0 
28 1 3 0 1 0.035714 28 0 1 0 0 0 0 0 0 0 0 0 0 0 0 0 0 0 0 0 0 0 0 0 28 2 1 4 2 0.071429 28 3 2 18 2 0.071429 28 2 1 4 2 0.071429 0 0 0 0 0 0 0 0 0 0 0 0 0 0 0 0 0 0 0 0 0 0 0 0 0 0 0 0 0 0 0 0 0 0 0 0 0 0 0 0 0 0 
28 2 1 4 2 0.071429 28 2 3 4 1 0.035714 28 1 3 0 1 0.035714 0 0 0 0 0 0 0 0 0 0 0 0 28 3 5 18 3 0.107143 0 0 0 0 0 0 0 0 0 0 0 0 0 0 0 0 0 0 0 0 0 0 0 0 0 0 0 0 0 0 0 0 0 0 0 0 0 0 0 0 0 0 0 0 0 0 0 0 0 0 0 0 0 0 
28 3 5 18 3 0.107143 28 2 1 4 2 0.071429 28 2 2 4 1 0.035714 28 3 4 5 2 0.071429 0 0 0 0 0 0 28 3 1 5 14 0.500000 28 2 1 10 14 0.500000 28 3 1 5 15 0.535714 28 3 2 5 17 0.607143 28 3 1 5 14 0.500000 0 0 0 0 0 0 0 0 0 0 0 0 0 0 0 0 0 0 0 0 0 0 0 0 0 0 0 0 0 0 
28 3 1 5 14 0.500000 28 3 5 18 3 0.107143 28 2 7 4 13 0.464286 28 2 7 10 13 0.464286 0 0 0 0 0 0 28 1 2 0 15 0.535714 0 0 0 0 0 0 0 0 0 0 0 0 0 0 0 0 0 0 0 0 0 0 0 0 0 0 0 0 0 0 0 0 0 0 0 0 0 0 0 0 0 0 0 0 0 0 0 0 0 0 0 0 0 0 
28 1 2 0 15 0.535714 28 3 1 5 14 0.500000 0 0 0 0 0 0 0 0 0 0 0 0 0 0 0 0 0 0 28 3 2 5 18 0.642857 28 3 1 5 18 0.642857 0 0 0 0 0 0 0 0 0 0 0 0 0 0 0 0 0 0 0 0 0 0 0 0 0 0 0 0 0 0 0 0 0 0 0 0 0 0 0 0 0 0 0 0 0 0 0 0 
28 2 4 10 16 0.571429 28 2 3 4 13 0.464286 28 2 4 4 15 0.535714 0 0 0 0 0 0 0 0 0 0 0 0 28 3 2 5 18 0.642857 28 3 2 5 18 0.642857 28 2 2 10 17 0.607143 28 3 2 5 17 0.607143 0 0 0 0 0 0 0 0 0 0 0 0 0 0 0 0 0 0 0 0 0 0 0 0 0 0 0 0 0 0 0 0 0 0 0 0 
28 3 2 5 18 0.642857 28 2 4 10 16 0.571429 28 1 2 0 15 0.535714 28 2 7 10 17 0.607143 0 0 0 0 0 0 28 2 1 12 19 0.678571 28 2 1 4 19 0.678571 0 0 0 0 0 0 0 0 0 0 0 0 0 0 0 0 0 0 0 0 0 0 0 0 0 0 0 0 0 0 0 0 0 0 0 0 0 0 0 0 0 0 0 0 0 0 0 0 
28 2 1 12 19 0.678571 28 3 2 5 18 0.642857 28 1 4 0 1 0.035714 0 0 0 0 0 0 0 0 0 0 0 0 28 1 0 0 0 0 0 0 0 0 0 0 0 0 0 0 0 0 0 0 0 0 0 0 0 0 0 0 0 0 0 0 0 0 0 0 0 0 0 0 0 0 0 0 0 0 0 0 0 0 0 0 0 0 0 0 0 0 0 0 
28 2 1 10 14 0.500000 28 3 5 18 3 0.107143 28 2 4 4 13 0.464286 0 0 0 0 0 0 0 0 0 0 0 0 28 3 2 5 18 0.642857 0 0 0 0 0 0 0 0 0 0 0 0 0 0 0 0 0 0 0 0 0 0 0 0 0 0 0 0 0 0 0 0 0 0 0 0 0 0 0 0 0 0 0 0 0 0 0 0 0 0 0 0 0 0 
28 3 1 5 16 0.571429 28 2 7 4 13 0.464286 28 1 4 0 14 0.500000 28 2 4 4 15 0.535714 0 0 0 0 0 0 28 1 1 0 17 0.607143 0 0 0 0 0 0 0 0 0 0 0 0 0 0 0 0 0 0 0 0 0 0 0 0 0 0 0 0 0 0 0 0 0 0 0 0 0 0 0 0 0 0 0 0 0 0 0 0 0 0 0 0 0 0 
28 1 1 0 17 0.607143 28 3 1 5 16 0.571429 0 0 0 0 0 0 0 0 0 0 0 0 0 0 0 0 0 0 28 3 2 5 18 0.642857 0 0 0 0 0 0 0 0 0 0 0 0 0 0 0 0 0 0 0 0 0 0 0 0 0 0 0 0 0 0 0 0 0 0 0 0 0 0 0 0 0 0 0 0 0 0 0 0 0 0 0 0 0 0 
28 3 2 5 18 0.642857 28 1 1 0 17 0.607143 28 2 1 10 14 0.500000 28 2 7 10 17 0.607143 0 0 0 0 0 0 28 2 1 12 19 0.678571 28 2 1 4 19 0.678571 0 0 0 0 0 0 0 0 0 0 0 0 0 0 0 0 0 0 0 0 0 0 0 0 0 0 0 0 0 0 0 0 0 0 0 0 0 0 0 0 0 0 0 0 0 0 0 0 
28 2 1 12 19 0.678571 28 3 2 5 18 0.642857 28 1 4 0 1 0.035714 0 0 0 0 0 0 0 0 0 0 0 0 28 1 0 0 0 0 0 0 0 0 0 0 0 0 0 0 0 0 0 0 0 0 0 0 0 0 0 0 0 0 0 0 0 0 0 0 0 0 0 0 0 0 0 0 0 0 0 0 0 0 0 0 0 0 0 0 0 0 0 0 
28 3 1 5 15 0.535714 28 3 5 18 3 0.107143 28 1 5 0 14 0.500000 28 2 4 4 13 0.464286 0 0 0 0 0 0 28 1 4 0 16 0.571429 0 0 0 0 0 0 0 0 0 0 0 0 0 0 0 0 0 0 0 0 0 0 0 0 0 0 0 0 0 0 0 0 0 0 0 0 0 0 0 0 0 0 0 0 0 0 0 0 0 0 0 0 0 0 
28 1 4 0 16 0.571429 28 3 1 5 15 0.535714 0 0 0 0 0 0 0 0 0 0 0 0 0 0 0 0 0 0 28 3 2 5 18 0.642857 28 2 1 10 17 0.607143 28 3 2 5 18 0.642857 28 3 2 5 18 0.642857 0 0 0 0 0 0 0 0 0 0 0 0 0 0 0 0 0 0 0 0 0 0 0 0 0 0 0 0 0 0 0 0 0 0 0 0 
28 3 2 5 18 0.642857 28 1 4 0 16 0.571429 28 2 4 10 16 0.571429 28 2 7 10 17 0.607143 0 0 0 0 0 0 28 2 1 12 19 0.678571 28 2 1 4 19 0.678571 0 0 0 0 0 0 0 0 0 0 0 0 0 0 0 0 0 0 0 0 0 0 0 0 0 0 0 0 0 0 0 0 0 0 0 0 0 0 0 0 0 0 0 0 0 0 0 0 
28 2 1 12 19 0.678571 28 3 2 5 18 0.642857 28 1 3 0 1 0.035714 0 0 0 0 0 0 0 0 0 0 0 0 28 1 0 0 0 0 0 0 0 0 0 0 0 0 0 0 0 0 0 0 0 0 0 0 0 0 0 0 0 0 0 0 0 0 0 0 0 0 0 0 0 0 0 0 0 0 0 0 0 0 0 0 0 0 0 0 0 0 0 0 
28 3 1 5 15 0.535714 28 2 4 4 3 0.107143 28 2 2 4 14 0.500000 28 3 2 5 13 0.464286 0 0 0 0 0 0 28 1 3 0 16 0.571429 0 0 0 0 0 0 0 0 0 0 0 0 0 0 0 0 0 0 0 0 0 0 0 0 0 0 0 0 0 0 0 0 0 0 0 0 0 0 0 0 0 0 0 0 0 0 0 0 0 0 0 0 0 0 
28 1 3 0 16 0.571429 28 3 1 5 15 0.535714 0 0 0 0 0 0 0 0 0 0 0 0 0 0 0 0 0 0 28 2 7 10 17 0.607143 28 3 2 5 17 0.607143 28 3 2 5 18 0.642857 0 0 0 0 0 0 0 0 0 0 0 0 0 0 0 0 0 0 0 0 0 0 0 0 0 0 0 0 0 0 0 0 0 0 0 0 0 0 0 0 0 0 
28 2 7 10 17 0.607143 28 1 3 0 16 0.571429 28 2 3 10 15 0.535714 0 0 0 0 0 0 0 0 0 0 0 0 28 2 2 4 19 0.678571 28 2 1 4 18 0.642857 28 2 1 4 18 0.642857 28 2 2 4 18 0.642857 28 2 2 4 18 0.642857 28 3 1 18 18 0.642857 28 3 1 5 18 0.642857 0 0 0 0 0 0 0 0 0 0 0 0 0 0 0 0 0 0 
28 2 1 10 18 0.642857 28 1 2 0 17 0.607143 28 2 8 10 16 0.571429 0 0 0 0 0 0 0 0 0 0 0 0 28 2 2 4 19 0.678571 0 0 0 0 0 0 0 0 0 0 0 0 0 0 0 0 0 0 0 0 0 0 0 0 0 0 0 0 0 0 0 0 0 0 0 0 0 0 0 0 0 0 0 0 0 0 0 0 0 0 0 0 0 0 
28 2 2 4 19 0.678571 28 2 1 10 18 0.642857 28 2 7 10 17 0.607143 0 0 0 0 0 0 0 0 0 0 0 0 28 2 1 12 20 0.714286 28 3 1 5 20 0.714286 0 0 0 0 0 0 0 0 0 0 0 0 0 0 0 0 0 0 0 0 0 0 0 0 0 0 0 0 0 0 0 0 0 0 0 0 0 0 0 0 0 0 0 0 0 0 0 0 
28 2 1 12 20 0.714286 28 2 2 4 19 0.678571 28 1 3 0 1 0.035714 0 0 0 0 0 0 0 0 0 0 0 0 28 1 0 0 0 0 0 0 0 0 0 0 0 0 0 0 0 0 0 0 0 0 0 0 0 0 0 0 0 0 0 0 0 0 0 0 0 0 0 0 0 0 0 0 0 0 0 0 0 0 0 0 0 0 0 0 0 0 0 0 
28 2 2 10 17 0.607143 28 1 2 0 15 0.535714 28 2 8 10 16 0.571429 0 0 0 0 0 0 0 0 0 0 0 0 28 2 1 4 18 0.642857 28 3 1 18 18 0.642857 0 0 0 0 0 0 0 0 0 0 0 0 0 0 0 0 0 0 0 0 0 0 0 0 0 0 0 0 0 0 0 0 0 0 0 0 0 0 0 0 0 0 0 0 0 0 0 0 
28 2 1 4 18 0.642857 28 2 2 10 17 0.607143 28 2 7 10 17 0.607143 0 0 0 0 0 0 0 0 0 0 0 0 28 2 1 12 19 0.678571 0 0 0 0 0 0 0 0 0 0 0 0 0 0 0 0 0 0 0 0 0 0 0 0 0 0 0 0 0 0 0 0 0 0 0 0 0 0 0 0 0 0 0 0 0 0 0 0 0 0 0 0 0 0 
28 2 1 12 19 0.678571 28 2 1 4 18 0.642857 28 1 3 0 1 0.035714 0 0 0 0 0 0 0 0 0 0 0 0 28 1 0 0 0 0 0 0 0 0 0 0 0 0 0 0 0 0 0 0 0 0 0 0 0 0 0 0 0 0 0 0 0 0 0 0 0 0 0 0 0 0 0 0 0 0 0 0 0 0 0 0 0 0 0 0 0 0 0 0 
28 2 2 10 17 0.607143 28 2 4 10 16 0.571429 28 1 3 0 16 0.571429 0 0 0 0 0 0 0 0 0 0 0 0 28 2 1 4 18 0.642857 28 3 1 18 18 0.642857 0 0 0 0 0 0 0 0 0 0 0 0 0 0 0 0 0 0 0 0 0 0 0 0 0 0 0 0 0 0 0 0 0 0 0 0 0 0 0 0 0 0 0 0 0 0 0 0 
28 2 1 4 18 0.642857 28 2 2 10 17 0.607143 28 2 7 10 17 0.607143 0 0 0 0 0 0 0 0 0 0 0 0 28 2 1 12 19 0.678571 0 0 0 0 0 0 0 0 0 0 0 0 0 0 0 0 0 0 0 0 0 0 0 0 0 0 0 0 0 0 0 0 0 0 0 0 0 0 0 0 0 0 0 0 0 0 0 0 0 0 0 0 0 0 
28 2 1 12 19 0.678571 28 2 1 4 18 0.642857 28 1 3 0 1 0.035714 0 0 0 0 0 0 0 0 0 0 0 0 28 1 0 0 0 0 0 0 0 0 0 0 0 0 0 0 0 0 0 0 0 0 0 0 0 0 0 0 0 0 0 0 0 0 0 0 0 0 0 0 0 0 0 0 0 0 0 0 0 0 0 0 0 0 0 0 0 0 0 0 
28 2 1 10 14 0.500000 28 3 5 18 3 0.107143 28 2 7 4 13 0.464286 0 0 0 0 0 0 0 0 0 0 0 0 28 2 1 10 15 0.535714 0 0 0 0 0 0 0 0 0 0 0 0 0 0 0 0 0 0 0 0 0 0 0 0 0 0 0 0 0 0 0 0 0 0 0 0 0 0 0 0 0 0 0 0 0 0 0 0 0 0 0 0 0 0 
28 2 1 10 15 0.535714 28 2 1 10 14 0.500000 28 2 4 4 13 0.464286 0 0 0 0 0 0 0 0 0 0 0 0 28 2 1 10 17 0.607143 0 0 0 0 0 0 0 0 0 0 0 0 0 0 0 0 0 0 0 0 0 0 0 0 0 0 0 0 0 0 0 0 0 0 0 0 0 0 0 0 0 0 0 0 0 0 0 0 0 0 0 0 0 0 
28 2 1 10 17 0.607143 28 2 1 10 15 0.535714 28 1 7 0 16 0.571429 0 0 0 0 0 0 0 0 0 0 0 0 28 2 2 4 18 0.642857 0 0 0 0 0 0 0 0 0 0 0 0 0 0 0 0 0 0 0 0 0 0 0 0 0 0 0 0 0 0 0 0 0 0 0 0 0 0 0 0 0 0 0 0 0 0 0 0 0 0 0 0 0 0 
28 2 2 4 18 0.642857 28 2 1 10 17 0.607143 28 2 7 10 17 0.607143 0 0 0 0 0 0 0 0 0 0 0 0 28 2 1 12 19 0.678571 28 3 1 18 19 0.678571 0 0 0 0 0 0 0 0 0 0 0 0 0 0 0 0 0 0 0 0 0 0 0 0 0 0 0 0 0 0 0 0 0 0 0 0 0 0 0 0 0 0 0 0 0 0 0 0 
28 2 1 12 19 0.678571 28 2 2 4 18 0.642857 28 1 4 0 1 0.035714 0 0 0 0 0 0 0 0 0 0 0 0 28 1 0 0 0 0 0 0 0 0 0 0 0 0 0 0 0 0 0 0 0 0 0 0 0 0 0 0 0 0 0 0 0 0 0 0 0 0 0 0 0 0 0 0 0 0 0 0 0 0 0 0 0 0 0 0 0 0 0 0 
28 2 1 10 17 0.607143 28 1 4 0 16 0.571429 28 1 3 0 16 0.571429 0 0 0 0 0 0 0 0 0 0 0 0 28 2 2 4 18 0.642857 0 0 0 0 0 0 0 0 0 0 0 0 0 0 0 0 0 0 0 0 0 0 0 0 0 0 0 0 0 0 0 0 0 0 0 0 0 0 0 0 0 0 0 0 0 0 0 0 0 0 0 0 0 0 
28 2 2 4 18 0.642857 28 2 1 10 17 0.607143 28 2 7 10 17 0.607143 0 0 0 0 0 0 0 0 0 0 0 0 28 2 1 12 19 0.678571 28 2 1 4 19 0.678571 0 0 0 0 0 0 0 0 0 0 0 0 0 0 0 0 0 0 0 0 0 0 0 0 0 0 0 0 0 0 0 0 0 0 0 0 0 0 0 0 0 0 0 0 0 0 0 0 
28 2 1 12 19 0.678571 28 2 2 4 18 0.642857 28 1 3 0 1 0.035714 0 0 0 0 0 0 0 0 0 0 0 0 28 1 0 0 0 0 0 0 0 0 0 0 0 0 0 0 0 0 0 0 0 0 0 0 0 0 0 0 0 0 0 0 0 0 0 0 0 0 0 0 0 0 0 0 0 0 0 0 0 0 0 0 0 0 0 0 0 0 0 0 
28 2 2 10 14 0.500000 28 3 2 18 12 0.428571 28 2 2 4 13 0.464286 0 0 0 0 0 0 0 0 0 0 0 0 28 2 1 4 15 0.535714 28 3 1 5 17 0.607143 0 0 0 0 0 0 0 0 0 0 0 0 0 0 0 0 0 0 0 0 0 0 0 0 0 0 0 0 0 0 0 0 0 0 0 0 0 0 0 0 0 0 0 0 0 0 0 0 
28 2 1 4 15 0.535714 28 3 3 18 1 0.035714 28 2 2 10 14 0.500000 0 0 0 0 0 0 0 0 0 0 0 0 28 1 5 0 16 0.571429 0 0 0 0 0 0 0 0 0 0 0 0 0 0 0 0 0 0 0 0 0 0 0 0 0 0 0 0 0 0 0 0 0 0 0 0 0 0 0 0 0 0 0 0 0 0 0 0 0 0 0 0 0 0 
28 1 5 0 16 0.571429 28 2 1 4 15 0.535714 0 0 0 0 0 0 0 0 0 0 0 0 0 0 0 0 0 0 28 2 5 10 17 0.607143 28 3 1 5 17 0.607143 28 3 2 5 17 0.607143 28 3 2 5 18 0.642857 28 3 1 5 18 0.642857 0 0 0 0 0 0 0 0 0 0 0 0 0 0 0 0 0 0 0 0 0 0 0 0 0 0 0 0 0 0 
28 2 5 10 17 0.607143 28 1 5 0 16 0.571429 28 2 4 10 16 0.571429 0 0 0 0 0 0 0 0 0 0 0 0 28 3 2 5 18 0.642857 28 3 1 5 18 0.642857 28 1 2 0 18 0.642857 28 3 2 5 18 0.642857 28 3 1 5 18 0.642857 0 0 0 0 0 0 0 0 0 0 0 0 0 0 0 0 0 0 0 0 0 0 0 0 0 0 0 0 0 0 
28 3 2 5 18 0.642857 28 2 5 10 17 0.607143 28 1 4 0 16 0.571429 28 2 8 10 16 0.571429 0 0 0 0 0 0 28 2 1 12 19 0.678571 28 3 1 5 19 0.678571 0 0 0 0 0 0 0 0 0 0 0 0 0 0 0 0 0 0 0 0 0 0 0 0 0 0 0 0 0 0 0 0 0 0 0 0 0 0 0 0 0 0 0 0 0 0 0 0 
28 2 1 12 19 0.678571 28 3 2 5 18 0.642857 28 1 3 0 1 0.035714 0 0 0 0 0 0 0 0 0 0 0 0 28 1 0 0 0 0 0 0 0 0 0 0 0 0 0 0 0 0 0 0 0 0 0 0 0 0 0 0 0 0 0 0 0 0 0 0 0 0 0 0 0 0 0 0 0 0 0 0 0 0 0 0 0 0 0 0 0 0 0 0 
28 3 1 5 18 0.642857 28 2 5 10 17 0.607143 28 1 2 0 15 0.535714 28 2 8 10 16 0.571429 0 0 0 0 0 0 28 2 1 12 19 0.678571 0 0 0 0 0 0 0 0 0 0 0 0 0 0 0 0 0 0 0 0 0 0 0 0 0 0 0 0 0 0 0 0 0 0 0 0 0 0 0 0 0 0 0 0 0 0 0 0 0 0 0 0 0 0 
28 2 1 12 19 0.678571 28 3 1 5 18 0.642857 28 1 3 0 1 0.035714 0 0 0 0 0 0 0 0 0 0 0 0 28 1 0 0 0 0 0 0 0 0 0 0 0 0 0 0 0 0 0 0 0 0 0 0 0 0 0 0 0 0 0 0 0 0 0 0 0 0 0 0 0 0 0 0 0 0 0 0 0 0 0 0 0 0 0 0 0 0 0 0 
28 1 2 0 18 0.642857 28 2 5 10 17 0.607143 0 0 0 0 0 0 0 0 0 0 0 0 0 0 0 0 0 0 28 2 1 4 19 0.678571 28 3 1 5 19 0.678571 0 0 0 0 0 0 0 0 0 0 0 0 0 0 0 0 0 0 0 0 0 0 0 0 0 0 0 0 0 0 0 0 0 0 0 0 0 0 0 0 0 0 0 0 0 0 0 0 
28 2 4 10 15 0.535714 28 1 5 0 14 0.500000 28 2 7 10 13 0.464286 0 0 0 0 0 0 0 0 0 0 0 0 28 3 2 5 17 0.607143 28 3 1 5 17 0.607143 28 2 1 4 16 0.571429 28 3 1 5 17 0.607143 0 0 0 0 0 0 0 0 0 0 0 0 0 0 0 0 0 0 0 0 0 0 0 0 0 0 0 0 0 0 0 0 0 0 0 0 
28 3 2 5 17 0.607143 28 2 4 10 16 0.571429 28 3 5 18 3 0.107143 28 2 4 10 15 0.535714 0 0 0 0 0 0 28 2 1 4 19 0.678571 28 3 1 5 19 0.678571 0 0 0 0 0 0 0 0 0 0 0 0 0 0 0 0 0 0 0 0 0 0 0 0 0 0 0 0 0 0 0 0 0 0 0 0 0 0 0 0 0 0 0 0 0 0 0 0 
28 2 1 4 19 0.678571 28 3 2 5 17 0.607143 28 1 2 0 18 0.642857 0 0 0 0 0 0 0 0 0 0 0 0 28 2 1 12 20 0.714286 0 0 0 0 0 0 0 0 0 0 0 0 0 0 0 0 0 0 0 0 0 0 0 0 0 0 0 0 0 0 0 0 0 0 0 0 0 0 0 0 0 0 0 0 0 0 0 0 0 0 0 0 0 0 
28 2 1 12 20 0.714286 28 2 1 4 19 0.678571 28 1 3 0 1 0.035714 0 0 0 0 0 0 0 0 0 0 0 0 28 1 0 0 0 0 0 0 0 0 0 0 0 0 0 0 0 0 0 0 0 0 0 0 0 0 0 0 0 0 0 0 0 0 0 0 0 0 0 0 0 0 0 0 0 0 0 0 0 0 0 0 0 0 0 0 0 0 0 0 
28 3 2 5 18 0.642857 28 2 5 10 17 0.607143 28 1 4 0 16 0.571429 28 1 3 0 16 0.571429 0 0 0 0 0 0 28 2 1 12 19 0.678571 28 3 1 5 19 0.678571 0 0 0 0 0 0 0 0 0 0 0 0 0 0 0 0 0 0 0 0 0 0 0 0 0 0 0 0 0 0 0 0 0 0 0 0 0 0 0 0 0 0 0 0 0 0 0 0 
28 2 1 12 19 0.678571 28 3 2 5 18 0.642857 28 1 3 0 1 0.035714 0 0 0 0 0 0 0 0 0 0 0 0 28 1 0 0 0 0 0 0 0 0 0 0 0 0 0 0 0 0 0 0 0 0 0 0 0 0 0 0 0 0 0 0 0 0 0 0 0 0 0 0 0 0 0 0 0 0 0 0 0 0 0 0 0 0 0 0 0 0 0 0 
28 1 2 0 1 0.035714 28 0 3 0 0 0 0 0 0 0 0 0 0 0 0 0 0 0 0 0 0 0 0 0 28 3 1 5 19 0.678571 28 2 6 4 2 0.071429 0 0 0 0 0 0 0 0 0 0 0 0 0 0 0 0 0 0 0 0 0 0 0 0 0 0 0 0 0 0 0 0 0 0 0 0 0 0 0 0 0 0 0 0 0 0 0 0 
28 2 1 10 4 0.142857 28 3 3 18 1 0.035714 28 2 4 4 3 0.107143 0 0 0 0 0 0 0 0 0 0 0 0 28 3 1 5 15 0.535714 0 0 0 0 0 0 0 0 0 0 0 0 0 0 0 0 0 0 0 0 0 0 0 0 0 0 0 0 0 0 0 0 0 0 0 0 0 0 0 0 0 0 0 0 0 0 0 0 0 0 0 0 0 0 
28 3 1 5 15 0.535714 28 2 1 10 4 0.142857 28 1 5 0 14 0.500000 28 1 4 0 14 0.500000 0 0 0 0 0 0 28 2 1 11 16 0.571429 0 0 0 0 0 0 0 0 0 0 0 0 0 0 0 0 0 0 0 0 0 0 0 0 0 0 0 0 0 0 0 0 0 0 0 0 0 0 0 0 0 0 0 0 0 0 0 0 0 0 0 0 0 0 
28 2 1 11 16 0.571429 28 3 1 5 15 0.535714 28 2 4 4 15 0.535714 0 0 0 0 0 0 0 0 0 0 0 0 28 2 2 11 18 0.642857 0 0 0 0 0 0 0 0 0 0 0 0 0 0 0 0 0 0 0 0 0 0 0 0 0 0 0 0 0 0 0 0 0 0 0 0 0 0 0 0 0 0 0 0 0 0 0 0 0 0 0 0 0 0 
28 1 2 0 16 0.571429 28 2 2 4 15 0.535714 0 0 0 0 0 0 0 0 0 0 0 0 0 0 0 0 0 0 28 3 1 5 17 0.607143 28 3 1 5 17 0.607143 0 0 0 0 0 0 0 0 0 0 0 0 0 0 0 0 0 0 0 0 0 0 0 0 0 0 0 0 0 0 0 0 0 0 0 0 0 0 0 0 0 0 0 0 0 0 0 0 
28 3 1 5 17 0.607143 28 2 7 10 13 0.464286 28 2 2 10 14 0.500000 28 1 2 0 16 0.571429 0 0 0 0 0 0 28 2 2 11 18 0.642857 0 0 0 0 0 0 0 0 0 0 0 0 0 0 0 0 0 0 0 0 0 0 0 0 0 0 0 0 0 0 0 0 0 0 0 0 0 0 0 0 0 0 0 0 0 0 0 0 0 0 0 0 0 0 
28 2 2 11 18 0.642857 28 3 1 5 17 0.607143 28 2 1 11 16 0.571429 0 0 0 0 0 0 0 0 0 0 0 0 28 3 1 5 19 0.678571 28 3 1 5 20 0.714286 0 0 0 0 0 0 0 0 0 0 0 0 0 0 0 0 0 0 0 0 0 0 0 0 0 0 0 0 0 0 0 0 0 0 0 0 0 0 0 0 0 0 0 0 0 0 0 0 
28 3 1 5 19 0.678571 28 2 2 11 18 0.642857 28 1 15 0 1 0.035714 28 1 2 0 1 0.035714 0 0 0 0 0 0 28 3 1 18 23 0.821429 0 0 0 0 0 0 0 0 0 0 0 0 0 0 0 0 0 0 0 0 0 0 0 0 0 0 0 0 0 0 0 0 0 0 0 0 0 0 0 0 0 0 0 0 0 0 0 0 0 0 0 0 0 0 
28 2 1 4 19 0.678571 28 2 2 4 18 0.642857 28 3 2 5 18 0.642857 0 0 0 0 0 0 0 0 0 0 0 0 28 2 1 4 20 0.714286 0 0 0 0 0 0 0 0 0 0 0 0 0 0 0 0 0 0 0 0 0 0 0 0 0 0 0 0 0 0 0 0 0 0 0 0 0 0 0 0 0 0 0 0 0 0 0 0 0 0 0 0 0 0 
28 2 1 4 19 0.678571 28 3 2 5 18 0.642857 28 3 2 5 18 0.642857 0 0 0 0 0 0 0 0 0 0 0 0 28 2 1 4 20 0.714286 0 0 0 0 0 0 0 0 0 0 0 0 0 0 0 0 0 0 0 0 0 0 0 0 0 0 0 0 0 0 0 0 0 0 0 0 0 0 0 0 0 0 0 0 0 0 0 0 0 0 0 0 0 0 
28 2 1 4 20 0.714286 28 2 1 4 19 0.678571 28 2 1 4 19 0.678571 0 0 0 0 0 0 0 0 0 0 0 0 28 3 4 18 21 0.750000 0 0 0 0 0 0 0 0 0 0 0 0 0 0 0 0 0 0 0 0 0 0 0 0 0 0 0 0 0 0 0 0 0 0 0 0 0 0 0 0 0 0 0 0 0 0 0 0 0 0 0 0 0 0 
28 3 1 5 17 0.607143 28 1 5 0 16 0.571429 28 2 8 10 16 0.571429 28 2 4 10 16 0.571429 0 0 0 0 0 0 28 3 1 5 19 0.678571 0 0 0 0 0 0 0 0 0 0 0 0 0 0 0 0 0 0 0 0 0 0 0 0 0 0 0 0 0 0 0 0 0 0 0 0 0 0 0 0 0 0 0 0 0 0 0 0 0 0 0 0 0 0 
28 3 1 5 14 0.500000 28 3 5 18 3 0.107143 28 2 7 4 13 0.464286 28 2 7 10 13 0.464286 0 0 0 0 0 0 28 3 1 5 19 0.678571 0 0 0 0 0 0 0 0 0 0 0 0 0 0 0 0 0 0 0 0 0 0 0 0 0 0 0 0 0 0 0 0 0 0 0 0 0 0 0 0 0 0 0 0 0 0 0 0 0 0 0 0 0 0 
28 3 1 5 19 0.678571 28 3 1 5 14 0.500000 28 3 1 5 17 0.607143 28 3 2 5 18 0.642857 0 0 0 0 0 0 28 3 4 18 21 0.750000 0 0 0 0 0 0 0 0 0 0 0 0 0 0 0 0 0 0 0 0 0 0 0 0 0 0 0 0 0 0 0 0 0 0 0 0 0 0 0 0 0 0 0 0 0 0 0 0 0 0 0 0 0 0 
28 3 1 5 19 0.678571 28 3 2 5 18 0.642857 28 3 2 5 17 0.607143 28 1 2 0 18 0.642857 0 0 0 0 0 0 28 3 4 18 21 0.750000 0 0 0 0 0 0 0 0 0 0 0 0 0 0 0 0 0 0 0 0 0 0 0 0 0 0 0 0 0 0 0 0 0 0 0 0 0 0 0 0 0 0 0 0 0 0 0 0 0 0 0 0 0 0 
28 3 4 18 21 0.750000 28 3 1 5 19 0.678571 28 3 1 5 19 0.678571 28 2 1 4 20 0.714286 0 0 0 0 0 0 28 3 11 5 22 0.785714 28 2 1 10 22 0.785714 28 3 1 5 22 0.785714 28 3 1 5 23 0.821429 0 0 0 0 0 0 0 0 0 0 0 0 0 0 0 0 0 0 0 0 0 0 0 0 0 0 0 0 0 0 0 0 0 0 0 0 
28 3 1 18 18 0.642857 28 2 2 10 17 0.607143 28 2 2 10 17 0.607143 28 2 7 10 17 0.607143 0 0 0 0 0 0 28 3 1 5 20 0.714286 0 0 0 0 0 0 0 0 0 0 0 0 0 0 0 0 0 0 0 0 0 0 0 0 0 0 0 0 0 0 0 0 0 0 0 0 0 0 0 0 0 0 0 0 0 0 0 0 0 0 0 0 0 0 
28 3 1 5 20 0.714286 28 3 1 18 18 0.642857 28 2 2 4 19 0.678571 28 3 2 5 18 0.642857 0 0 0 0 0 0 28 1 2 0 21 0.750000 0 0 0 0 0 0 0 0 0 0 0 0 0 0 0 0 0 0 0 0 0 0 0 0 0 0 0 0 0 0 0 0 0 0 0 0 0 0 0 0 0 0 0 0 0 0 0 0 0 0 0 0 0 0 
28 1 2 0 21 0.750000 28 3 1 5 20 0.714286 0 0 0 0 0 0 0 0 0 0 0 0 0 0 0 0 0 0 28 3 11 5 22 0.785714 28 3 3 5 22 0.785714 0 0 0 0 0 0 0 0 0 0 0 0 0 0 0 0 0 0 0 0 0 0 0 0 0 0 0 0 0 0 0 0 0 0 0 0 0 0 0 0 0 0 0 0 0 0 0 0 
28 2 1 4 17 0.607143 28 2 3 10 15 0.535714 28 2 4 10 16 0.571429 0 0 0 0 0 0 0 0 0 0 0 0 28 3 1 18 19 0.678571 0 0 0 0 0 0 0 0 0 0 0 0 0 0 0 0 0 0 0 0 0 0 0 0 0 0 0 0 0 0 0 0 0 0 0 0 0 0 0 0 0 0 0 0 0 0 0 0 0 0 0 0 0 0 
28 3 1 5 17 0.607143 28 3 5 18 3 0.107143 28 2 4 10 15 0.535714 28 2 8 10 16 0.571429 0 0 0 0 0 0 28 3 1 18 19 0.678571 0 0 0 0 0 0 0 0 0 0 0 0 0 0 0 0 0 0 0 0 0 0 0 0 0 0 0 0 0 0 0 0 0 0 0 0 0 0 0 0 0 0 0 0 0 0 0 0 0 0 0 0 0 0 
28 3 1 18 19 0.678571 28 3 1 5 17 0.607143 28 2 1 4 17 0.607143 28 2 2 4 18 0.642857 0 0 0 0 0 0 28 1 2 0 20 0.714286 0 0 0 0 0 0 0 0 0 0 0 0 0 0 0 0 0 0 0 0 0 0 0 0 0 0 0 0 0 0 0 0 0 0 0 0 0 0 0 0 0 0 0 0 0 0 0 0 0 0 0 0 0 0 
28 1 2 0 20 0.714286 28 3 1 18 19 0.678571 0 0 0 0 0 0 0 0 0 0 0 0 0 0 0 0 0 0 28 2 1 10 21 0.750000 28 3 3 5 22 0.785714 0 0 0 0 0 0 0 0 0 0 0 0 0 0 0 0 0 0 0 0 0 0 0 0 0 0 0 0 0 0 0 0 0 0 0 0 0 0 0 0 0 0 0 0 0 0 0 0 
28 2 1 4 19 0.678571 28 3 2 5 18 0.642857 28 3 2 5 18 0.642857 0 0 0 0 0 0 0 0 0 0 0 0 28 1 2 0 20 0.714286 0 0 0 0 0 0 0 0 0 0 0 0 0 0 0 0 0 0 0 0 0 0 0 0 0 0 0 0 0 0 0 0 0 0 0 0 0 0 0 0 0 0 0 0 0 0 0 0 0 0 0 0 0 0 
28 1 2 0 20 0.714286 28 2 1 4 19 0.678571 0 0 0 0 0 0 0 0 0 0 0 0 0 0 0 0 0 0 28 2 1 10 21 0.750000 28 3 3 5 22 0.785714 0 0 0 0 0 0 0 0 0 0 0 0 0 0 0 0 0 0 0 0 0 0 0 0 0 0 0 0 0 0 0 0 0 0 0 0 0 0 0 0 0 0 0 0 0 0 0 0 
28 2 1 10 21 0.750000 28 1 2 0 20 0.714286 28 1 2 0 20 0.714286 0 0 0 0 0 0 0 0 0 0 0 0 28 3 11 5 22 0.785714 0 0 0 0 0 0 0 0 0 0 0 0 0 0 0 0 0 0 0 0 0 0 0 0 0 0 0 0 0 0 0 0 0 0 0 0 0 0 0 0 0 0 0 0 0 0 0 0 0 0 0 0 0 0 
28 3 11 5 22 0.785714 28 2 1 10 21 0.750000 28 1 2 0 21 0.750000 28 3 4 18 21 0.750000 0 0 0 0 0 0 28 3 1 18 23 0.821429 28 3 1 5 23 0.821429 28 2 1 4 23 0.821429 28 3 1 5 23 0.821429 28 2 1 4 23 0.821429 28 3 1 5 23 0.821429 28 3 1 5 23 0.821429 28 2 1 4 23 0.821429 28 3 1 5 23 0.821429 28 2 1 4 23 0.821429 
28 3 2 5 17 0.607143 28 1 5 0 16 0.571429 28 1 3 0 16 0.571429 28 1 7 0 16 0.571429 0 0 0 0 0 0 28 1 1 0 18 0.642857 28 3 1 18 20 0.714286 0 0 0 0 0 0 0 0 0 0 0 0 0 0 0 0 0 0 0 0 0 0 0 0 0 0 0 0 0 0 0 0 0 0 0 0 0 0 0 0 0 0 0 0 0 0 0 0 
28 1 3 0 3 0.107143 28 3 4 5 2 0.071429 0 0 0 0 0 0 0 0 0 0 0 0 0 0 0 0 0 0 28 3 1 5 19 0.678571 28 3 1 5 14 0.500000 28 2 1 4 16 0.571429 0 0 0 0 0 0 0 0 0 0 0 0 0 0 0 0 0 0 0 0 0 0 0 0 0 0 0 0 0 0 0 0 0 0 0 0 0 0 0 0 0 0 
28 1 1 0 18 0.642857 28 3 2 5 17 0.607143 0 0 0 0 0 0 0 0 0 0 0 0 0 0 0 0 0 0 28 3 1 5 19 0.678571 0 0 0 0 0 0 0 0 0 0 0 0 0 0 0 0 0 0 0 0 0 0 0 0 0 0 0 0 0 0 0 0 0 0 0 0 0 0 0 0 0 0 0 0 0 0 0 0 0 0 0 0 0 0 
28 3 1 5 19 0.678571 28 1 1 0 18 0.642857 28 2 2 10 15 0.535714 28 1 3 0 3 0.107143 0 0 0 0 0 0 28 3 1 18 20 0.714286 0 0 0 0 0 0 0 0 0 0 0 0 0 0 0 0 0 0 0 0 0 0 0 0 0 0 0 0 0 0 0 0 0 0 0 0 0 0 0 0 0 0 0 0 0 0 0 0 0 0 0 0 0 0 
28 3 1 5 14 0.500000 28 1 3 0 3 0.107143 28 2 7 4 13 0.464286 28 2 7 10 13 0.464286 0 0 0 0 0 0 28 3 1 18 20 0.714286 0 0 0 0 0 0 0 0 0 0 0 0 0 0 0 0 0 0 0 0 0 0 0 0 0 0 0 0 0 0 0 0 0 0 0 0 0 0 0 0 0 0 0 0 0 0 0 0 0 0 0 0 0 0 
28 3 1 18 20 0.714286 28 3 1 5 14 0.500000 28 3 2 5 17 0.607143 28 3 1 5 19 0.678571 0 0 0 0 0 0 28 2 1 4 21 0.750000 0 0 0 0 0 0 0 0 0 0 0 0 0 0 0 0 0 0 0 0 0 0 0 0 0 0 0 0 0 0 0 0 0 0 0 0 0 0 0 0 0 0 0 0 0 0 0 0 0 0 0 0 0 0 
28 2 1 4 16 0.571429 28 1 3 0 3 0.107143 28 2 4 10 15 0.535714 0 0 0 0 0 0 0 0 0 0 0 0 28 1 3 0 17 0.607143 0 0 0 0 0 0 0 0 0 0 0 0 0 0 0 0 0 0 0 0 0 0 0 0 0 0 0 0 0 0 0 0 0 0 0 0 0 0 0 0 0 0 0 0 0 0 0 0 0 0 0 0 0 0 
28 1 3 0 17 0.607143 28 2 1 4 16 0.571429 0 0 0 0 0 0 0 0 0 0 0 0 0 0 0 0 0 0 28 3 2 5 18 0.642857 28 3 1 5 18 0.642857 28 3 1 5 18 0.642857 0 0 0 0 0 0 0 0 0 0 0 0 0 0 0 0 0 0 0 0 0 0 0 0 0 0 0 0 0 0 0 0 0 0 0 0 0 0 0 0 0 0 
28 3 2 5 18 0.642857 28 1 3 0 17 0.607143 28 1 5 0 16 0.571429 28 1 3 0 16 0.571429 0 0 0 0 0 0 28 2 1 11 19 0.678571 28 3 1 18 19 0.678571 0 0 0 0 0 0 0 0 0 0 0 0 0 0 0 0 0 0 0 0 0 0 0 0 0 0 0 0 0 0 0 0 0 0 0 0 0 0 0 0 0 0 0 0 0 0 0 0 
28 2 1 11 19 0.678571 28 3 2 5 18 0.642857 28 3 2 5 15 0.535714 0 0 0 0 0 0 0 0 0 0 0 0 28 3 1 5 20 0.714286 0 0 0 0 0 0 0 0 0 0 0 0 0 0 0 0 0 0 0 0 0 0 0 0 0 0 0 0 0 0 0 0 0 0 0 0 0 0 0 0 0 0 0 0 0 0 0 0 0 0 0 0 0 0 
28 3 1 5 20 0.714286 28 2 1 11 19 0.678571 28 2 2 11 18 0.642857 28 1 15 0 1 0.035714 0 0 0 0 0 0 28 2 1 4 21 0.750000 0 0 0 0 0 0 0 0 0 0 0 0 0 0 0 0 0 0 0 0 0 0 0 0 0 0 0 0 0 0 0 0 0 0 0 0 0 0 0 0 0 0 0 0 0 0 0 0 0 0 0 0 0 0 
28 2 1 4 21 0.750000 28 3 1 5 20 0.714286 28 3 1 18 20 0.714286 0 0 0 0 0 0 0 0 0 0 0 0 28 3 1 5 22 0.785714 0 0 0 0 0 0 0 0 0 0 0 0 0 0 0 0 0 0 0 0 0 0 0 0 0 0 0 0 0 0 0 0 0 0 0 0 0 0 0 0 0 0 0 0 0 0 0 0 0 0 0 0 0 0 
28 3 1 5 18 0.642857 28 1 3 0 17 0.607143 28 2 5 10 17 0.607143 28 1 7 0 16 0.571429 0 0 0 0 0 0 28 3 1 5 19 0.678571 0 0 0 0 0 0 0 0 0 0 0 0 0 0 0 0 0 0 0 0 0 0 0 0 0 0 0 0 0 0 0 0 0 0 0 0 0 0 0 0 0 0 0 0 0 0 0 0 0 0 0 0 0 0 
28 2 1 7 4 0.142857 28 3 4 5 2 0.071429 28 2 4 4 3 0.107143 0 0 0 0 0 0 0 0 0 0 0 0 28 3 1 5 17 0.607143 0 0 0 0 0 0 0 0 0 0 0 0 0 0 0 0 0 0 0 0 0 0 0 0 0 0 0 0 0 0 0 0 0 0 0 0 0 0 0 0 0 0 0 0 0 0 0 0 0 0 0 0 0 0 
28 3 1 5 17 0.607143 28 2 1 7 4 0.142857 28 2 4 10 15 0.535714 28 1 2 0 16 0.571429 0 0 0 0 0 0 28 3 1 5 18 0.642857 0 0 0 0 0 0 0 0 0 0 0 0 0 0 0 0 0 0 0 0 0 0 0 0 0 0 0 0 0 0 0 0 0 0 0 0 0 0 0 0 0 0 0 0 0 0 0 0 0 0 0 0 0 0 
28 3 1 5 18 0.642857 28 3 1 5 17 0.607143 28 1 5 0 16 0.571429 28 1 7 0 16 0.571429 0 0 0 0 0 0 28 3 1 5 19 0.678571 0 0 0 0 0 0 0 0 0 0 0 0 0 0 0 0 0 0 0 0 0 0 0 0 0 0 0 0 0 0 0 0 0 0 0 0 0 0 0 0 0 0 0 0 0 0 0 0 0 0 0 0 0 0 
28 3 1 5 19 0.678571 28 3 1 5 18 0.642857 28 3 1 5 18 0.642857 28 0 3 0 0 0 0 0 0 0 0 0 28 1 1 0 20 0.714286 0 0 0 0 0 0 0 0 0 0 0 0 0 0 0 0 0 0 0 0 0 0 0 0 0 0 0 0 0 0 0 0 0 0 0 0 0 0 0 0 0 0 0 0 0 0 0 0 0 0 0 0 0 0 
28 1 1 0 20 0.714286 28 3 1 5 19 0.678571 0 0 0 0 0 0 0 0 0 0 0 0 0 0 0 0 0 0 28 3 1 5 22 0.785714 0 0 0 0 0 0 0 0 0 0 0 0 0 0 0 0 0 0 0 0 0 0 0 0 0 0 0 0 0 0 0 0 0 0 0 0 0 0 0 0 0 0 0 0 0 0 0 0 0 0 0 0 0 0 
28 1 1 0 17 0.607143 28 2 8 10 16 0.571429 0 0 0 0 0 0 0 0 0 0 0 0 0 0 0 0 0 0 28 3 1 18 19 0.678571 0 0 0 0 0 0 0 0 0 0 0 0 0 0 0 0 0 0 0 0 0 0 0 0 0 0 0 0 0 0 0 0 0 0 0 0 0 0 0 0 0 0 0 0 0 0 0 0 0 0 0 0 0 0 
28 3 1 5 18 0.642857 28 1 3 0 17 0.607143 28 2 7 10 17 0.607143 28 1 7 0 16 0.571429 0 0 0 0 0 0 28 3 1 18 19 0.678571 0 0 0 0 0 0 0 0 0 0 0 0 0 0 0 0 0 0 0 0 0 0 0 0 0 0 0 0 0 0 0 0 0 0 0 0 0 0 0 0 0 0 0 0 0 0 0 0 0 0 0 0 0 0 
28 3 1 18 19 0.678571 28 3 2 5 18 0.642857 28 1 1 0 17 0.607143 28 3 1 5 18 0.642857 0 0 0 0 0 0 28 1 1 0 20 0.714286 0 0 0 0 0 0 0 0 0 0 0 0 0 0 0 0 0 0 0 0 0 0 0 0 0 0 0 0 0 0 0 0 0 0 0 0 0 0 0 0 0 0 0 0 0 0 0 0 0 0 0 0 0 0 
28 1 1 0 20 0.714286 28 3 1 18 19 0.678571 0 0 0 0 0 0 0 0 0 0 0 0 0 0 0 0 0 0 28 3 1 5 22 0.785714 0 0 0 0 0 0 0 0 0 0 0 0 0 0 0 0 0 0 0 0 0 0 0 0 0 0 0 0 0 0 0 0 0 0 0 0 0 0 0 0 0 0 0 0 0 0 0 0 0 0 0 0 0 0 
28 3 1 5 22 0.785714 28 1 1 0 20 0.714286 28 1 1 0 20 0.714286 28 2 1 4 21 0.750000 0 0 0 0 0 0 28 3 1 18 23 0.821429 0 0 0 0 0 0 0 0 0 0 0 0 0 0 0 0 0 0 0 0 0 0 0 0 0 0 0 0 0 0 0 0 0 0 0 0 0 0 0 0 0 0 0 0 0 0 0 0 0 0 0 0 0 0 
28 3 1 18 23 0.821429 28 3 1 5 22 0.785714 28 3 11 5 22 0.785714 28 3 1 5 19 0.678571 0 0 0 0 0 0 28 1 1 0 24 0.857143 0 0 0 0 0 0 0 0 0 0 0 0 0 0 0 0 0 0 0 0 0 0 0 0 0 0 0 0 0 0 0 0 0 0 0 0 0 0 0 0 0 0 0 0 0 0 0 0 0 0 0 0 0 0 
28 1 1 0 24 0.857143 28 3 1 18 23 0.821429 0 0 0 0 0 0 0 0 0 0 0 0 0 0 0 0 0 0 28 1 0 0 0 0 0 0 0 0 0 0 0 0 0 0 0 0 0 0 0 0 0 0 0 0 0 0 0 0 0 0 0 0 0 0 0 0 0 0 0 0 0 0 0 0 0 0 0 0 0 0 0 0 0 0 0 0 0 0 
28 2 6 4 2 0.071429 28 0 7 0 0 0 28 1 2 0 1 0.035714 0 0 0 0 0 0 0 0 0 0 0 0 28 2 1 10 26 0.928571 28 2 1 10 26 0.928571 28 2 1 10 11 0.392857 28 2 1 10 26 0.928571 28 2 1 10 26 0.928571 28 2 1 10 28 1.000000 0 0 0 0 0 0 0 0 0 0 0 0 0 0 0 0 0 0 0 0 0 0 0 0 
28 2 1 4 3 0.107143 28 1 2 0 2 0.071429 28 0 11 0 0 0 0 0 0 0 0 0 0 0 0 0 0 0 28 1 2 0 4 0.142857 0 0 0 0 0 0 0 0 0 0 0 0 0 0 0 0 0 0 0 0 0 0 0 0 0 0 0 0 0 0 0 0 0 0 0 0 0 0 0 0 0 0 0 0 0 0 0 0 0 0 0 0 0 0 
28 1 2 0 4 0.142857 28 2 1 4 3 0.107143 0 0 0 0 0 0 0 0 0 0 0 0 0 0 0 0 0 0 28 3 1 5 23 0.821429 28 2 1 4 23 0.821429 0 0 0 0 0 0 0 0 0 0 0 0 0 0 0 0 0 0 0 0 0 0 0 0 0 0 0 0 0 0 0 0 0 0 0 0 0 0 0 0 0 0 0 0 0 0 0 0 
28 2 1 4 12 0.428571 28 2 3 4 11 0.392857 28 2 3 4 11 0.392857 0 0 0 0 0 0 0 0 0 0 0 0 28 3 1 5 23 0.821429 0 0 0 0 0 0 0 0 0 0 0 0 0 0 0 0 0 0 0 0 0 0 0 0 0 0 0 0 0 0 0 0 0 0 0 0 0 0 0 0 0 0 0 0 0 0 0 0 0 0 0 0 0 0 
28 3 1 5 23 0.821429 28 2 1 4 12 0.428571 28 1 2 0 4 0.142857 28 3 11 5 22 0.785714 0 0 0 0 0 0 28 2 1 4 25 0.892857 0 0 0 0 0 0 0 0 0 0 0 0 0 0 0 0 0 0 0 0 0 0 0 0 0 0 0 0 0 0 0 0 0 0 0 0 0 0 0 0 0 0 0 0 0 0 0 0 0 0 0 0 0 0 
28 2 1 4 23 0.821429 28 1 2 0 4 0.142857 28 3 11 5 22 0.785714 0 0 0 0 0 0 0 0 0 0 0 0 28 3 1 5 24 0.857143 0 0 0 0 0 0 0 0 0 0 0 0 0 0 0 0 0 0 0 0 0 0 0 0 0 0 0 0 0 0 0 0 0 0 0 0 0 0 0 0 0 0 0 0 0 0 0 0 0 0 0 0 0 0 
28 3 1 5 24 0.857143 28 2 1 4 23 0.821429 28 2 3 4 11 0.392857 28 2 3 4 11 0.392857 0 0 0 0 0 0 28 2 1 4 25 0.892857 0 0 0 0 0 0 0 0 0 0 0 0 0 0 0 0 0 0 0 0 0 0 0 0 0 0 0 0 0 0 0 0 0 0 0 0 0 0 0 0 0 0 0 0 0 0 0 0 0 0 0 0 0 0 
28 2 1 4 25 0.892857 28 3 1 5 24 0.857143 28 3 1 5 23 0.821429 0 0 0 0 0 0 0 0 0 0 0 0 28 2 1 10 26 0.928571 0 0 0 0 0 0 0 0 0 0 0 0 0 0 0 0 0 0 0 0 0 0 0 0 0 0 0 0 0 0 0 0 0 0 0 0 0 0 0 0 0 0 0 0 0 0 0 0 0 0 0 0 0 0 
28 2 1 10 26 0.928571 28 2 1 4 25 0.892857 28 2 6 4 2 0.071429 0 0 0 0 0 0 0 0 0 0 0 0 28 1 0 0 0 0 0 0 0 0 0 0 0 0 0 0 0 0 0 0 0 0 0 0 0 0 0 0 0 0 0 0 0 0 0 0 0 0 0 0 0 0 0 0 0 0 0 0 0 0 0 0 0 0 0 0 0 0 0 0 
28 1 1 0 13 0.464286 28 2 4 4 12 0.428571 0 0 0 0 0 0 0 0 0 0 0 0 0 0 0 0 0 0 28 3 1 5 23 0.821429 0 0 0 0 0 0 0 0 0 0 0 0 0 0 0 0 0 0 0 0 0 0 0 0 0 0 0 0 0 0 0 0 0 0 0 0 0 0 0 0 0 0 0 0 0 0 0 0 0 0 0 0 0 0 
28 2 2 10 1 0.035714 28 0 11 0 0 0 28 0 3 0 0 0 0 0 0 0 0 0 0 0 0 0 0 0 28 3 1 5 23 0.821429 28 2 1 4 23 0.821429 0 0 0 0 0 0 0 0 0 0 0 0 0 0 0 0 0 0 0 0 0 0 0 0 0 0 0 0 0 0 0 0 0 0 0 0 0 0 0 0 0 0 0 0 0 0 0 0 
28 3 1 5 23 0.821429 28 2 2 10 1 0.035714 28 3 11 5 22 0.785714 28 1 1 0 13 0.464286 0 0 0 0 0 0 28 2 1 4 25 0.892857 0 0 0 0 0 0 0 0 0 0 0 0 0 0 0 0 0 0 0 0 0 0 0 0 0 0 0 0 0 0 0 0 0 0 0 0 0 0 0 0 0 0 0 0 0 0 0 0 0 0 0 0 0 0 
28 2 1 4 23 0.821429 28 2 2 10 1 0.035714 28 3 11 5 22 0.785714 0 0 0 0 0 0 0 0 0 0 0 0 28 2 1 4 24 0.857143 0 0 0 0 0 0 0 0 0 0 0 0 0 0 0 0 0 0 0 0 0 0 0 0 0 0 0 0 0 0 0 0 0 0 0 0 0 0 0 0 0 0 0 0 0 0 0 0 0 0 0 0 0 0 
28 2 1 4 24 0.857143 28 2 1 4 23 0.821429 28 2 4 4 12 0.428571 0 0 0 0 0 0 0 0 0 0 0 0 28 2 1 4 25 0.892857 0 0 0 0 0 0 0 0 0 0 0 0 0 0 0 0 0 0 0 0 0 0 0 0 0 0 0 0 0 0 0 0 0 0 0 0 0 0 0 0 0 0 0 0 0 0 0 0 0 0 0 0 0 0 
28 2 1 4 25 0.892857 28 2 1 4 24 0.857143 28 3 1 5 23 0.821429 0 0 0 0 0 0 0 0 0 0 0 0 28 2 1 10 26 0.928571 0 0 0 0 0 0 0 0 0 0 0 0 0 0 0 0 0 0 0 0 0 0 0 0 0 0 0 0 0 0 0 0 0 0 0 0 0 0 0 0 0 0 0 0 0 0 0 0 0 0 0 0 0 0 
28 2 1 10 26 0.928571 28 2 1 4 25 0.892857 28 2 6 4 2 0.071429 0 0 0 0 0 0 0 0 0 0 0 0 28 1 0 0 0 0 0 0 0 0 0 0 0 0 0 0 0 0 0 0 0 0 0 0 0 0 0 0 0 0 0 0 0 0 0 0 0 0 0 0 0 0 0 0 0 0 0 0 0 0 0 0 0 0 0 0 0 0 0 0 
28 3 1 5 23 0.821429 28 3 11 5 22 0.785714 28 0 11 0 0 0 28 0 3 0 0 0 0 0 0 0 0 0 28 2 1 10 24 0.857143 0 0 0 0 0 0 0 0 0 0 0 0 0 0 0 0 0 0 0 0 0 0 0 0 0 0 0 0 0 0 0 0 0 0 0 0 0 0 0 0 0 0 0 0 0 0 0 0 0 0 0 0 0 0 
28 2 1 10 11 0.392857 28 2 6 4 2 0.071429 28 2 3 4 10 0.357143 0 0 0 0 0 0 0 0 0 0 0 0 28 2 1 10 24 0.857143 0 0 0 0 0 0 0 0 0 0 0 0 0 0 0 0 0 0 0 0 0 0 0 0 0 0 0 0 0 0 0 0 0 0 0 0 0 0 0 0 0 0 0 0 0 0 0 0 0 0 0 0 0 0 
28 2 1 10 24 0.857143 28 2 1 10 11 0.392857 28 3 1 5 23 0.821429 0 0 0 0 0 0 0 0 0 0 0 0 28 1 0 0 0 0 0 0 0 0 0 0 0 0 0 0 0 0 0 0 0 0 0 0 0 0 0 0 0 0 0 0 0 0 0 0 0 0 0 0 0 0 0 0 0 0 0 0 0 0 0 0 0 0 0 0 0 0 0 0 
28 1 1 0 11 0.392857 28 2 4 4 10 0.357143 0 0 0 0 0 0 0 0 0 0 0 0 0 0 0 0 0 0 28 3 1 5 23 0.821429 0 0 0 0 0 0 0 0 0 0 0 0 0 0 0 0 0 0 0 0 0 0 0 0 0 0 0 0 0 0 0 0 0 0 0 0 0 0 0 0 0 0 0 0 0 0 0 0 0 0 0 0 0 0 
28 2 2 10 1 0.035714 28 0 11 0 0 0 28 0 3 0 0 0 0 0 0 0 0 0 0 0 0 0 0 0 28 3 1 5 23 0.821429 28 2 1 4 23 0.821429 0 0 0 0 0 0 0 0 0 0 0 0 0 0 0 0 0 0 0 0 0 0 0 0 0 0 0 0 0 0 0 0 0 0 0 0 0 0 0 0 0 0 0 0 0 0 0 0 
28 3 1 5 23 0.821429 28 2 2 10 1 0.035714 28 3 11 5 22 0.785714 28 1 1 0 11 0.392857 0 0 0 0 0 0 28 2 1 4 25 0.892857 0 0 0 0 0 0 0 0 0 0 0 0 0 0 0 0 0 0 0 0 0 0 0 0 0 0 0 0 0 0 0 0 0 0 0 0 0 0 0 0 0 0 0 0 0 0 0 0 0 0 0 0 0 0 
28 2 1 4 23 0.821429 28 2 2 10 1 0.035714 28 3 11 5 22 0.785714 0 0 0 0 0 0 0 0 0 0 0 0 28 2 1 4 24 0.857143 0 0 0 0 0 0 0 0 0 0 0 0 0 0 0 0 0 0 0 0 0 0 0 0 0 0 0 0 0 0 0 0 0 0 0 0 0 0 0 0 0 0 0 0 0 0 0 0 0 0 0 0 0 0 
28 2 1 4 24 0.857143 28 2 1 4 23 0.821429 28 2 4 4 10 0.357143 0 0 0 0 0 0 0 0 0 0 0 0 28 2 1 4 25 0.892857 0 0 0 0 0 0 0 0 0 0 0 0 0 0 0 0 0 0 0 0 0 0 0 0 0 0 0 0 0 0 0 0 0 0 0 0 0 0 0 0 0 0 0 0 0 0 0 0 0 0 0 0 0 0 
28 2 1 4 25 0.892857 28 2 1 4 24 0.857143 28 3 1 5 23 0.821429 0 0 0 0 0 0 0 0 0 0 0 0 28 2 1 10 26 0.928571 0 0 0 0 0 0 0 0 0 0 0 0 0 0 0 0 0 0 0 0 0 0 0 0 0 0 0 0 0 0 0 0 0 0 0 0 0 0 0 0 0 0 0 0 0 0 0 0 0 0 0 0 0 0 
28 2 1 10 26 0.928571 28 2 1 4 25 0.892857 28 2 6 4 2 0.071429 0 0 0 0 0 0 0 0 0 0 0 0 28 1 0 0 0 0 0 0 0 0 0 0 0 0 0 0 0 0 0 0 0 0 0 0 0 0 0 0 0 0 0 0 0 0 0 0 0 0 0 0 0 0 0 0 0 0 0 0 0 0 0 0 0 0 0 0 0 0 0 0 
28 2 1 4 5 0.178571 28 1 2 0 4 0.142857 28 0 11 0 0 0 0 0 0 0 0 0 0 0 0 0 0 0 28 1 2 0 6 0.214286 0 0 0 0 0 0 0 0 0 0 0 0 0 0 0 0 0 0 0 0 0 0 0 0 0 0 0 0 0 0 0 0 0 0 0 0 0 0 0 0 0 0 0 0 0 0 0 0 0 0 0 0 0 0 
28 1 2 0 6 0.214286 28 2 1 4 5 0.178571 0 0 0 0 0 0 0 0 0 0 0 0 0 0 0 0 0 0 28 3 1 5 23 0.821429 28 2 1 4 23 0.821429 0 0 0 0 0 0 0 0 0 0 0 0 0 0 0 0 0 0 0 0 0 0 0 0 0 0 0 0 0 0 0 0 0 0 0 0 0 0 0 0 0 0 0 0 0 0 0 0 
28 3 1 5 23 0.821429 28 1 2 0 6 0.214286 28 3 11 5 22 0.785714 28 1 2 0 11 0.392857 0 0 0 0 0 0 28 2 1 4 25 0.892857 0 0 0 0 0 0 0 0 0 0 0 0 0 0 0 0 0 0 0 0 0 0 0 0 0 0 0 0 0 0 0 0 0 0 0 0 0 0 0 0 0 0 0 0 0 0 0 0 0 0 0 0 0 0 
28 2 1 4 23 0.821429 28 1 2 0 6 0.214286 28 3 11 5 22 0.785714 0 0 0 0 0 0 0 0 0 0 0 0 28 2 1 4 24 0.857143 0 0 0 0 0 0 0 0 0 0 0 0 0 0 0 0 0 0 0 0 0 0 0 0 0 0 0 0 0 0 0 0 0 0 0 0 0 0 0 0 0 0 0 0 0 0 0 0 0 0 0 0 0 0 
28 2 1 4 24 0.857143 28 2 1 4 23 0.821429 28 2 3 4 10 0.357143 0 0 0 0 0 0 0 0 0 0 0 0 28 2 1 4 25 0.892857 0 0 0 0 0 0 0 0 0 0 0 0 0 0 0 0 0 0 0 0 0 0 0 0 0 0 0 0 0 0 0 0 0 0 0 0 0 0 0 0 0 0 0 0 0 0 0 0 0 0 0 0 0 0 
28 2 1 4 25 0.892857 28 2 1 4 24 0.857143 28 3 1 5 23 0.821429 0 0 0 0 0 0 0 0 0 0 0 0 28 2 1 10 26 0.928571 0 0 0 0 0 0 0 0 0 0 0 0 0 0 0 0 0 0 0 0 0 0 0 0 0 0 0 0 0 0 0 0 0 0 0 0 0 0 0 0 0 0 0 0 0 0 0 0 0 0 0 0 0 0 
28 2 1 10 26 0.928571 28 2 1 4 25 0.892857 28 2 6 4 2 0.071429 0 0 0 0 0 0 0 0 0 0 0 0 28 1 0 0 0 0 0 0 0 0 0 0 0 0 0 0 0 0 0 0 0 0 0 0 0 0 0 0 0 0 0 0 0 0 0 0 0 0 0 0 0 0 0 0 0 0 0 0 0 0 0 0 0 0 0 0 0 0 0 0 
28 2 1 4 1 0.035714 28 0 3 0 0 0 28 0 2 0 0 0 0 0 0 0 0 0 0 0 0 0 0 0 28 2 2 10 2 0.071429 0 0 0 0 0 0 0 0 0 0 0 0 0 0 0 0 0 0 0 0 0 0 0 0 0 0 0 0 0 0 0 0 0 0 0 0 0 0 0 0 0 0 0 0 0 0 0 0 0 0 0 0 0 0 
28 2 2 10 2 0.071429 28 2 1 4 1 0.035714 28 0 7 0 0 0 0 0 0 0 0 0 0 0 0 0 0 0 28 3 1 5 25 0.892857 28 1 1 0 3 0.107143 0 0 0 0 0 0 0 0 0 0 0 0 0 0 0 0 0 0 0 0 0 0 0 0 0 0 0 0 0 0 0 0 0 0 0 0 0 0 0 0 0 0 0 0 0 0 0 0 
28 3 2 18 11 0.392857 28 1 15 0 1 0.035714 28 0 3 0 0 0 28 2 2 10 10 0.357143 0 0 0 0 0 0 28 1 1 0 12 0.428571 28 3 2 5 23 0.821429 0 0 0 0 0 0 0 0 0 0 0 0 0 0 0 0 0 0 0 0 0 0 0 0 0 0 0 0 0 0 0 0 0 0 0 0 0 0 0 0 0 0 0 0 0 0 0 0 
28 1 1 0 12 0.428571 28 3 2 18 11 0.392857 0 0 0 0 0 0 0 0 0 0 0 0 0 0 0 0 0 0 28 2 2 4 24 0.857143 0 0 0 0 0 0 0 0 0 0 0 0 0 0 0 0 0 0 0 0 0 0 0 0 0 0 0 0 0 0 0 0 0 0 0 0 0 0 0 0 0 0 0 0 0 0 0 0 0 0 0 0 0 0 
28 3 3 5 22 0.785714 28 1 2 0 20 0.714286 28 1 2 0 20 0.714286 28 1 2 0 21 0.750000 0 0 0 0 0 0 28 2 1 4 23 0.821429 28 3 2 5 23 0.821429 28 3 1 5 23 0.821429 0 0 0 0 0 0 0 0 0 0 0 0 0 0 0 0 0 0 0 0 0 0 0 0 0 0 0 0 0 0 0 0 0 0 0 0 0 0 0 0 0 0 
28 2 1 4 23 0.821429 28 3 3 5 22 0.785714 28 1 15 0 1 0.035714 0 0 0 0 0 0 0 0 0 0 0 0 28 2 2 4 24 0.857143 0 0 0 0 0 0 0 0 0 0 0 0 0 0 0 0 0 0 0 0 0 0 0 0 0 0 0 0 0 0 0 0 0 0 0 0 0 0 0 0 0 0 0 0 0 0 0 0 0 0 0 0 0 0 
28 2 2 4 24 0.857143 28 2 1 4 23 0.821429 28 1 1 0 12 0.428571 0 0 0 0 0 0 0 0 0 0 0 0 28 3 1 5 25 0.892857 28 2 1 4 25 0.892857 0 0 0 0 0 0 0 0 0 0 0 0 0 0 0 0 0 0 0 0 0 0 0 0 0 0 0 0 0 0 0 0 0 0 0 0 0 0 0 0 0 0 0 0 0 0 0 0 
28 3 2 5 23 0.821429 28 3 2 18 11 0.392857 28 3 3 5 22 0.785714 28 1 15 0 1 0.035714 0 0 0 0 0 0 28 3 1 5 25 0.892857 28 2 1 4 25 0.892857 0 0 0 0 0 0 0 0 0 0 0 0 0 0 0 0 0 0 0 0 0 0 0 0 0 0 0 0 0 0 0 0 0 0 0 0 0 0 0 0 0 0 0 0 0 0 0 0 
28 3 1 5 25 0.892857 28 3 2 5 23 0.821429 28 2 2 4 24 0.857143 28 2 2 10 2 0.071429 0 0 0 0 0 0 28 2 1 4 27 0.964286 0 0 0 0 0 0 0 0 0 0 0 0 0 0 0 0 0 0 0 0 0 0 0 0 0 0 0 0 0 0 0 0 0 0 0 0 0 0 0 0 0 0 0 0 0 0 0 0 0 0 0 0 0 0 
28 1 1 0 3 0.107143 28 2 2 10 2 0.071429 0 0 0 0 0 0 0 0 0 0 0 0 0 0 0 0 0 0 28 2 1 4 26 0.928571 0 0 0 0 0 0 0 0 0 0 0 0 0 0 0 0 0 0 0 0 0 0 0 0 0 0 0 0 0 0 0 0 0 0 0 0 0 0 0 0 0 0 0 0 0 0 0 0 0 0 0 0 0 0 
28 2 1 4 25 0.892857 28 3 2 5 23 0.821429 28 2 2 4 24 0.857143 0 0 0 0 0 0 0 0 0 0 0 0 28 2 1 4 26 0.928571 0 0 0 0 0 0 0 0 0 0 0 0 0 0 0 0 0 0 0 0 0 0 0 0 0 0 0 0 0 0 0 0 0 0 0 0 0 0 0 0 0 0 0 0 0 0 0 0 0 0 0 0 0 0 
28 2 1 4 26 0.928571 28 2 1 4 25 0.892857 28 1 1 0 3 0.107143 0 0 0 0 0 0 0 0 0 0 0 0 28 2 1 4 27 0.964286 0 0 0 0 0 0 0 0 0 0 0 0 0 0 0 0 0 0 0 0 0 0 0 0 0 0 0 0 0 0 0 0 0 0 0 0 0 0 0 0 0 0 0 0 0 0 0 0 0 0 0 0 0 0 
28 2 1 4 27 0.964286 28 2 1 4 26 0.928571 28 3 1 5 25 0.892857 0 0 0 0 0 0 0 0 0 0 0 0 28 1 0 0 0 0 0 0 0 0 0 0 0 0 0 0 0 0 0 0 0 0 0 0 0 0 0 0 0 0 0 0 0 0 0 0 0 0 0 0 0 0 0 0 0 0 0 0 0 0 0 0 0 0 0 0 0 0 0 0 
28 3 2 18 2 0.071429 28 1 3 0 1 0.035714 28 1 2 0 1 0.035714 28 0 7 0 0 0 0 0 0 0 0 0 28 2 1 11 24 0.857143 28 2 1 4 24 0.857143 0 0 0 0 0 0 0 0 0 0 0 0 0 0 0 0 0 0 0 0 0 0 0 0 0 0 0 0 0 0 0 0 0 0 0 0 0 0 0 0 0 0 0 0 0 0 0 0 
28 2 1 4 9 0.321429 28 2 3 4 3 0.107143 28 2 3 4 8 0.285714 0 0 0 0 0 0 0 0 0 0 0 0 28 3 2 5 10 0.357143 0 0 0 0 0 0 0 0 0 0 0 0 0 0 0 0 0 0 0 0 0 0 0 0 0 0 0 0 0 0 0 0 0 0 0 0 0 0 0 0 0 0 0 0 0 0 0 0 0 0 0 0 0 0 
28 2 1 11 9 0.321429 28 2 3 4 3 0.107143 28 2 3 4 8 0.285714 0 0 0 0 0 0 0 0 0 0 0 0 28 3 2 5 10 0.357143 0 0 0 0 0 0 0 0 0 0 0 0 0 0 0 0 0 0 0 0 0 0 0 0 0 0 0 0 0 0 0 0 0 0 0 0 0 0 0 0 0 0 0 0 0 0 0 0 0 0 0 0 0 0 
28 2 1 4 2 0.071429 28 0 7 0 0 0 28 1 3 0 1 0.035714 0 0 0 0 0 0 0 0 0 0 0 0 28 3 2 5 10 0.357143 0 0 0 0 0 0 0 0 0 0 0 0 0 0 0 0 0 0 0 0 0 0 0 0 0 0 0 0 0 0 0 0 0 0 0 0 0 0 0 0 0 0 0 0 0 0 0 0 0 0 0 0 0 0 
28 3 2 5 10 0.357143 28 2 1 4 2 0.071429 28 2 1 11 9 0.321429 28 2 1 4 9 0.321429 0 0 0 0 0 0 28 3 1 5 22 0.785714 28 3 2 18 23 0.821429 0 0 0 0 0 0 0 0 0 0 0 0 0 0 0 0 0 0 0 0 0 0 0 0 0 0 0 0 0 0 0 0 0 0 0 0 0 0 0 0 0 0 0 0 0 0 0 0 
28 2 1 10 22 0.785714 28 3 4 18 21 0.750000 28 1 15 0 1 0.035714 0 0 0 0 0 0 0 0 0 0 0 0 28 3 2 18 23 0.821429 0 0 0 0 0 0 0 0 0 0 0 0 0 0 0 0 0 0 0 0 0 0 0 0 0 0 0 0 0 0 0 0 0 0 0 0 0 0 0 0 0 0 0 0 0 0 0 0 0 0 0 0 0 0 
28 3 1 5 22 0.785714 28 3 2 5 10 0.357143 28 3 4 18 21 0.750000 28 1 15 0 1 0.035714 0 0 0 0 0 0 28 3 2 18 23 0.821429 0 0 0 0 0 0 0 0 0 0 0 0 0 0 0 0 0 0 0 0 0 0 0 0 0 0 0 0 0 0 0 0 0 0 0 0 0 0 0 0 0 0 0 0 0 0 0 0 0 0 0 0 0 0 
28 3 2 18 23 0.821429 28 2 1 10 22 0.785714 28 3 2 5 10 0.357143 28 3 1 5 22 0.785714 0 0 0 0 0 0 28 2 1 11 24 0.857143 28 2 1 4 24 0.857143 0 0 0 0 0 0 0 0 0 0 0 0 0 0 0 0 0 0 0 0 0 0 0 0 0 0 0 0 0 0 0 0 0 0 0 0 0 0 0 0 0 0 0 0 0 0 0 0 
28 2 1 11 24 0.857143 28 3 2 18 23 0.821429 28 3 2 18 2 0.071429 0 0 0 0 0 0 0 0 0 0 0 0 28 2 1 4 25 0.892857 0 0 0 0 0 0 0 0 0 0 0 0 0 0 0 0 0 0 0 0 0 0 0 0 0 0 0 0 0 0 0 0 0 0 0 0 0 0 0 0 0 0 0 0 0 0 0 0 0 0 0 0 0 0 
28 2 1 4 24 0.857143 28 3 2 18 23 0.821429 28 3 2 18 2 0.071429 0 0 0 0 0 0 0 0 0 0 0 0 28 2 1 4 25 0.892857 0 0 0 0 0 0 0 0 0 0 0 0 0 0 0 0 0 0 0 0 0 0 0 0 0 0 0 0 0 0 0 0 0 0 0 0 0 0 0 0 0 0 0 0 0 0 0 0 0 0 0 0 0 0 
28 2 1 4 25 0.892857 28 2 1 4 24 0.857143 28 2 1 11 24 0.857143 0 0 0 0 0 0 0 0 0 0 0 0 28 1 0 0 0 0 0 0 0 0 0 0 0 0 0 0 0 0 0 0 0 0 0 0 0 0 0 0 0 0 0 0 0 0 0 0 0 0 0 0 0 0 0 0 0 0 0 0 0 0 0 0 0 0 0 0 0 0 0 0 
28 2 2 10 1 0.035714 28 0 11 0 0 0 28 0 3 0 0 0 0 0 0 0 0 0 0 0 0 0 0 0 28 3 1 5 10 0.357143 28 3 1 5 23 0.821429 0 0 0 0 0 0 0 0 0 0 0 0 0 0 0 0 0 0 0 0 0 0 0 0 0 0 0 0 0 0 0 0 0 0 0 0 0 0 0 0 0 0 0 0 0 0 0 0 
28 3 1 5 10 0.357143 28 2 2 10 1 0.035714 28 2 3 4 9 0.321429 28 3 3 5 8 0.285714 0 0 0 0 0 0 28 1 1 0 11 0.392857 0 0 0 0 0 0 0 0 0 0 0 0 0 0 0 0 0 0 0 0 0 0 0 0 0 0 0 0 0 0 0 0 0 0 0 0 0 0 0 0 0 0 0 0 0 0 0 0 0 0 0 0 0 0 
28 1 1 0 11 0.392857 28 3 1 5 10 0.357143 0 0 0 0 0 0 0 0 0 0 0 0 0 0 0 0 0 0 28 2 2 4 23 0.821429 0 0 0 0 0 0 0 0 0 0 0 0 0 0 0 0 0 0 0 0 0 0 0 0 0 0 0 0 0 0 0 0 0 0 0 0 0 0 0 0 0 0 0 0 0 0 0 0 0 0 0 0 0 0 
28 2 2 4 23 0.821429 28 1 1 0 11 0.392857 28 3 11 5 22 0.785714 0 0 0 0 0 0 0 0 0 0 0 0 28 3 1 5 25 0.892857 28 2 1 4 25 0.892857 0 0 0 0 0 0 0 0 0 0 0 0 0 0 0 0 0 0 0 0 0 0 0 0 0 0 0 0 0 0 0 0 0 0 0 0 0 0 0 0 0 0 0 0 0 0 0 0 
28 3 1 5 23 0.821429 28 2 2 10 1 0.035714 28 3 3 5 22 0.785714 28 3 4 18 21 0.750000 0 0 0 0 0 0 28 2 2 4 24 0.857143 0 0 0 0 0 0 0 0 0 0 0 0 0 0 0 0 0 0 0 0 0 0 0 0 0 0 0 0 0 0 0 0 0 0 0 0 0 0 0 0 0 0 0 0 0 0 0 0 0 0 0 0 0 0 
28 2 2 4 24 0.857143 28 3 1 5 23 0.821429 28 2 2 4 10 0.357143 0 0 0 0 0 0 0 0 0 0 0 0 28 3 1 5 25 0.892857 28 2 1 4 25 0.892857 0 0 0 0 0 0 0 0 0 0 0 0 0 0 0 0 0 0 0 0 0 0 0 0 0 0 0 0 0 0 0 0 0 0 0 0 0 0 0 0 0 0 0 0 0 0 0 0 
28 3 1 5 25 0.892857 28 2 2 4 24 0.857143 28 2 2 4 23 0.821429 28 2 3 4 4 0.142857 0 0 0 0 0 0 28 2 1 4 27 0.964286 0 0 0 0 0 0 0 0 0 0 0 0 0 0 0 0 0 0 0 0 0 0 0 0 0 0 0 0 0 0 0 0 0 0 0 0 0 0 0 0 0 0 0 0 0 0 0 0 0 0 0 0 0 0 
28 2 1 4 25 0.892857 28 2 2 4 24 0.857143 28 2 2 4 23 0.821429 0 0 0 0 0 0 0 0 0 0 0 0 28 2 1 4 26 0.928571 0 0 0 0 0 0 0 0 0 0 0 0 0 0 0 0 0 0 0 0 0 0 0 0 0 0 0 0 0 0 0 0 0 0 0 0 0 0 0 0 0 0 0 0 0 0 0 0 0 0 0 0 0 0 
28 2 1 4 26 0.928571 28 2 1 4 25 0.892857 28 1 2 0 5 0.178571 0 0 0 0 0 0 0 0 0 0 0 0 28 2 1 4 27 0.964286 0 0 0 0 0 0 0 0 0 0 0 0 0 0 0 0 0 0 0 0 0 0 0 0 0 0 0 0 0 0 0 0 0 0 0 0 0 0 0 0 0 0 0 0 0 0 0 0 0 0 0 0 0 0 
28 2 1 4 27 0.964286 28 2 1 4 26 0.928571 28 3 1 5 25 0.892857 0 0 0 0 0 0 0 0 0 0 0 0 28 2 1 10 28 1.000000 0 0 0 0 0 0 0 0 0 0 0 0 0 0 0 0 0 0 0 0 0 0 0 0 0 0 0 0 0 0 0 0 0 0 0 0 0 0 0 0 0 0 0 0 0 0 0 0 0 0 0 0 0 0 
28 2 1 10 28 1.000000 28 2 1 4 27 0.964286 28 2 6 4 2 0.071429 0 0 0 0 0 0 0 0 0 0 0 0 28 1 0 0 0 0 0 0 0 0 0 0 0 0 0 0 0 0 0 0 0 0 0 0 0 0 0 0 0 0 0 0 0 0 0 0 0 0 0 0 0 0 0 0 0 0 0 0 0 0 0 0 0 0 0 0 0 0 0 0 
