1
1
3
15
11
2
4
7
1
0
7
2
3
0
27
32
19
30
18
1
4
12
14
20
0
4
20
17
0
15
0
8
4
11
26
25
16
3
26
3
13
28
0
21
16
27
17
5
3
29
19
15
30
2
21
22
31
16
15
2
19
12
32
11
0
19
3
25
19
10
11
4
30
3
20
1
6
3
12
1
14
18
13
17
15
3
2
22
5
12
3
32
5
3
24
25
11
28
30
3
17
22
17
10
11
7
3
16
15
5
8
8
0
4
11
24
28
22
27
1
12
24
15
2
16
2
24
29
31
8
27
6
19
7
25
12
13
13
10
8
11
15
22
19
3
5
27
2
1
28
0
26
17
31
24
16
2
16
24
7
11
3
12
26
0
13
1
4
18
26
30
30
0
9
14
12
16
26
16
17
17
8
28
17
14
13
22
24
23
21
20
3
16
8
20
28
7
21
1
4
9
22
21
1
0
14
20
17
1
